     0/199     7.43G   0.09107    0.0279         0     0.119        43       640  0.008234   0.04344  0.001936 0.0002887   0.07977   0.01554         0
     1/199     8.59G   0.07867   0.02913         0    0.1078        19       640   0.04292   0.07937    0.0169  0.004163   0.07339    0.0161         0
     2/199     8.59G   0.06769    0.0301         0   0.09779        28       640     0.222    0.2448    0.1219   0.02641   0.06326   0.01761         0
     3/199     8.59G   0.06142   0.02956         0   0.09098        39       640    0.3427    0.4033    0.2789   0.08005   0.05627   0.01648         0
     4/199     8.59G    0.0563   0.02709         0   0.08339        29       640    0.3653    0.4245    0.3113   0.09312   0.05131    0.0158         0
     5/199     8.59G   0.05369   0.02662         0   0.08031        31       640    0.3725     0.335    0.2624   0.08444   0.06664   0.01392         0
     6/199     8.59G   0.05315   0.02561         0   0.07876        35       640    0.5018    0.5263    0.4539    0.1593   0.04918   0.01402         0
     7/199     8.59G   0.05044   0.02521         0   0.07566        24       640    0.3219     0.619    0.3031    0.1033   0.04474   0.01473         0
     8/199     8.59G   0.04971   0.02458         0   0.07429        29       640     0.547    0.4444    0.4256    0.1467   0.05434    0.0147         0
     9/199     8.59G   0.04961   0.02462         0   0.07422        38       640    0.4535    0.6274    0.4587    0.1599   0.04723   0.01407         0
    10/199     8.59G   0.04828   0.02497         0   0.07325        29       640    0.4895    0.5355     0.474    0.1751   0.04995   0.01531         0
    11/199     8.59G   0.04895    0.0247         0   0.07365        37       640    0.2263    0.3033    0.1022   0.02386   0.07158   0.01587         0
    12/199     8.59G   0.04791   0.02455         0   0.07245        33       640     0.508    0.5263    0.4808    0.1767   0.05092   0.01464         0
    13/199     8.59G   0.04657   0.02417         0   0.07074        30       640    0.5422    0.5948    0.4929    0.1913   0.04475   0.01363         0
    14/199     8.59G   0.04591   0.02463         0   0.07055        45       640    0.6465    0.5455    0.5788    0.2193   0.04713   0.01465         0
    15/199     8.59G    0.0452   0.02334         0   0.06854        28       640    0.4844    0.6424    0.4603    0.1711   0.04599   0.01347         0
    16/199     8.59G   0.04534   0.02361         0   0.06895        29       640    0.7425    0.6207    0.6653    0.2687   0.04279   0.01321         0
    17/199     8.59G   0.04421   0.02341         0   0.06762        37       640    0.7088     0.604    0.6458    0.2643   0.04494   0.01328         0
    18/199     8.59G   0.04289   0.02262         0   0.06551        31       640    0.6346    0.5992    0.5752    0.2237   0.04232   0.01275         0
    19/199     8.59G   0.04474   0.02329         0   0.06802        23       640    0.6115     0.614    0.5358    0.2078   0.04322   0.01437         0
    20/199     8.59G   0.04348   0.02282         0    0.0663        32       640     0.608      0.67    0.6064    0.2364   0.04079   0.01265         0
    21/199     8.59G   0.04297   0.02371         0   0.06668        30       640    0.6704    0.6932    0.6501    0.2645   0.04012   0.01321         0
    22/199     8.59G   0.04196   0.02295         0   0.06492        31       640    0.6913    0.6828    0.7052    0.3034   0.04072   0.01209         0
    23/199     8.59G   0.04248   0.02236         0   0.06484        39       640    0.6525    0.6932     0.675    0.2731   0.03859    0.0121         0
    24/199     8.59G   0.04051   0.02188         0   0.06239        31       640    0.6543    0.6182    0.5882    0.2368   0.04733   0.01372         0
    25/199     8.59G   0.04132   0.02201         0   0.06333        32       640    0.7005    0.6566    0.6958    0.3059   0.03958   0.01225         0
    26/199     8.59G   0.04142   0.02199         0    0.0634        33       640    0.7179    0.6867    0.6787    0.2954   0.04149    0.0129         0
    27/199     8.59G   0.04086   0.02266         0   0.06351        35       640    0.7309    0.7216     0.731    0.3328   0.03876   0.01229         0
    28/199     8.59G   0.04035   0.02264         0   0.06299        20       640    0.7863    0.6491    0.7208    0.3339   0.03982   0.01276         0
    29/199     8.59G   0.04039   0.02269         0   0.06308        25       640    0.7745    0.6583    0.7185    0.3145   0.03795   0.01252         0
    30/199     8.59G    0.0408   0.02237         0   0.06318        34       640    0.7116    0.7118    0.7213    0.3288    0.0367   0.01261         0
    31/199     8.59G   0.04019   0.02178         0   0.06198        24       640    0.6849    0.7319     0.675    0.2943   0.03731   0.01233         0
    32/199     8.59G   0.03963   0.02215         0   0.06179        42       640     0.708    0.7189     0.731    0.3279   0.03774   0.01256         0
    33/199     8.59G   0.03952   0.02199         0   0.06151        29       640    0.6677    0.7317    0.6903    0.3224   0.03551   0.01155         0
    34/199     8.59G   0.03924   0.02201         0   0.06125        34       640    0.7092    0.7644    0.7575    0.3428   0.03632   0.01235         0
    35/199     8.59G   0.03862   0.02184         0   0.06046        45       640    0.7915    0.7261    0.7798    0.3562   0.03686   0.01231         0
    36/199     8.59G   0.03956   0.02189         0   0.06146        36       640      0.75    0.7519    0.7669    0.3608   0.03584   0.01218         0
    37/199     8.59G   0.03864   0.02152         0   0.06016        35       640     0.713    0.7617    0.7442    0.3484   0.03612   0.01173         0
    38/199     8.59G   0.03825   0.02134         0   0.05959        27       640    0.7095    0.7076    0.7388    0.3336   0.03622   0.01176         0
    39/199     8.59G   0.03836   0.02191         0   0.06027        24       640     0.772    0.7551    0.7788    0.3655   0.03726   0.01231         0
    40/199     8.59G   0.03809   0.02146         0   0.05955        31       640    0.7573     0.741    0.7505    0.3544   0.03453   0.01152         0
    41/199     8.59G   0.03779   0.02179         0   0.05958        37       640    0.7503    0.7529    0.7468    0.3425   0.03629   0.01149         0
    42/199     8.59G   0.03818   0.02185         0   0.06003        30       640    0.7462    0.7442    0.7456    0.3556   0.03507   0.01179         0
    43/199     8.59G   0.03766   0.02133         0   0.05899        35       640    0.7863    0.7222     0.782    0.3699   0.03562   0.01152         0
    44/199     8.59G   0.03774   0.02128         0   0.05901        30       640    0.7237    0.7627    0.7473    0.3477   0.03758   0.01188         0
    45/199     8.59G   0.03804   0.02154         0   0.05958        32       640    0.7102    0.7249    0.6995    0.3318   0.03696   0.01157         0
    46/199     8.59G     0.037   0.02131         0   0.05831        41       640     0.797    0.7181    0.7496    0.3627   0.03621   0.01212         0
    47/199     8.59G   0.03783   0.02149         0   0.05932        31       640    0.7766    0.7289    0.7703    0.3678   0.03718   0.01215         0
    48/199     8.59G   0.03681   0.02108         0   0.05789        29       640    0.7815    0.6976    0.7424    0.3429   0.03545    0.0121         0
    49/199     8.59G   0.03787   0.02131         0   0.05918        35       640    0.7712    0.7678    0.8032    0.3927    0.0351   0.01178         0
    50/199     8.59G   0.03801   0.02159         0    0.0596        36       640    0.7317    0.7343    0.7408    0.3522   0.03592   0.01196         0
    51/199     8.59G   0.03741   0.02124         0   0.05865        33       640    0.7634    0.7602    0.7747    0.3745   0.03529   0.01165         0
    52/199     8.59G   0.03665   0.02094         0   0.05759        32       640    0.8025    0.6934     0.756    0.3572    0.0368   0.01238         0
    53/199     8.59G   0.03668   0.02087         0   0.05756        25       640    0.7655    0.7477    0.7741    0.3843   0.03458    0.0114         0
    54/199     8.59G    0.0365   0.02044         0   0.05693        27       640    0.8153    0.7285    0.7902    0.3915   0.03564   0.01192         0
    55/199     8.59G   0.03745   0.02091         0   0.05836        38       640    0.7576    0.7845     0.793    0.3992   0.03433   0.01197         0
    56/199     8.59G   0.03606   0.02115         0   0.05721        26       640      0.75    0.7621    0.7678    0.3722   0.03475   0.01174         0
    57/199     8.59G   0.03604   0.02136         0    0.0574        33       640    0.7731    0.7714    0.7775    0.3814   0.03355   0.01188         0
    58/199     8.59G   0.03626   0.02086         0   0.05711        40       640     0.782    0.7793    0.8033     0.406   0.03368   0.01154         0
    59/199     8.59G   0.03592   0.02057         0   0.05648        26       640     0.783    0.7561    0.8011    0.4012   0.03489   0.01162         0
    60/199     8.59G   0.03619   0.02067         0   0.05686        28       640    0.7803    0.7686    0.7726    0.3727   0.03387   0.01133         0
    61/199     8.59G   0.03622   0.02098         0   0.05721        42       640    0.8318     0.726    0.8048    0.3826   0.03383   0.01162         0
    62/199     8.59G   0.03598   0.02061         0   0.05659        32       640    0.7876    0.7703    0.7938    0.3791    0.0362   0.01137         0
    63/199     8.59G   0.03602   0.02029         0   0.05632        32       640    0.7769    0.7586    0.7956    0.3836   0.03502   0.01113         0
    64/199     8.59G   0.03579   0.02068         0   0.05648        24       640    0.7888    0.7193    0.7721    0.3832   0.03579   0.01207         0
    65/199     8.59G   0.03553   0.02087         0    0.0564        32       640    0.7865    0.7756    0.8076    0.4008     0.035   0.01182         0
    66/199     8.59G   0.03503   0.02055         0   0.05558        28       640     0.805    0.7624    0.7974    0.4075   0.03442   0.01142         0
    67/199     8.59G   0.03486   0.02058         0   0.05543        35       640    0.7843    0.7442    0.7722    0.3782   0.03431   0.01161         0
    68/199     8.59G   0.03532   0.02088         0    0.0562        38       640    0.7946    0.7577     0.793    0.4012   0.03504   0.01198         0
    69/199     8.59G   0.03545   0.02073         0   0.05618        36       640    0.7712    0.7967    0.7824     0.381   0.03486   0.01122         0
    70/199     8.59G   0.03531   0.02088         0   0.05619        29       640    0.7711    0.8003    0.8073    0.4076   0.03293   0.01144         0
    71/199     8.59G   0.03523   0.02048         0   0.05571        37       640    0.8058    0.7886    0.8095    0.4009   0.03425   0.01171         0
    72/199     8.59G   0.03532    0.0206         0   0.05592        33       640     0.824    0.7728    0.8173    0.4085   0.03437   0.01129         0
    73/199     8.59G   0.03493   0.02031         0   0.05524        34       640    0.8217    0.7856    0.8239    0.4129    0.0333   0.01159         0
    74/199     8.59G   0.03516   0.02032         0   0.05548        30       640    0.8105    0.7934    0.8258    0.4323   0.03302   0.01166         0
    75/199     8.59G   0.03415   0.02017         0   0.05433        30       640    0.7868    0.7801    0.7944    0.4053   0.03342   0.01149         0
    76/199     8.59G   0.03392   0.02036         0   0.05428        32       640    0.8171    0.7753    0.8176    0.4169    0.0329    0.0112         0
    77/199     8.59G   0.03441   0.02022         0   0.05463        25       640    0.7694    0.8026    0.8064      0.41   0.03382   0.01118         0
    78/199     8.59G   0.03425   0.02004         0   0.05429        28       640    0.7812    0.7995    0.8055    0.4124   0.03237   0.01115         0
    79/199     8.59G   0.03368   0.02105         0   0.05473        61       640    0.8051    0.7867    0.8196     0.425   0.03315   0.01104         0
    80/199     8.59G   0.03394   0.02033         0   0.05427        22       640     0.769    0.8234    0.8136    0.4164   0.03383   0.01094         0
    81/199     8.59G   0.03391   0.02033         0   0.05423        30       640     0.804    0.7886    0.8238    0.4236   0.03364   0.01136         0
    82/199     8.59G   0.03416   0.02004         0    0.0542        37       640    0.8331    0.7886    0.8382    0.4343   0.03387   0.01097         0
    83/199     8.59G   0.03358   0.02027         0   0.05384        36       640    0.8031    0.7652    0.8017    0.4144   0.03319   0.01133         0
    84/199     8.59G   0.03345   0.02045         0    0.0539        32       640     0.797    0.7874    0.8238    0.4372   0.03277   0.01121         0
    85/199     8.59G   0.03318   0.02025         0   0.05343        34       640    0.7917    0.7987    0.7938    0.4068   0.03261   0.01117         0
    86/199     8.59G   0.03346   0.01985         0   0.05331        37       640    0.7717    0.8037    0.8233     0.408   0.03454   0.01167         0
    87/199     8.59G    0.0333   0.02037         0   0.05367        51       640    0.7836    0.8137    0.8108    0.4284   0.03372   0.01081         0
    88/199     8.59G   0.03381   0.01994         0   0.05375        25       640    0.8201     0.787    0.8259    0.4304   0.03355   0.01121         0
    89/199     8.59G   0.03246   0.02004         0    0.0525        30       640    0.8302    0.7903    0.8212    0.4216   0.03321   0.01094         0
    90/199     8.59G   0.03399   0.02007         0   0.05406        27       640    0.7913    0.8234     0.829    0.4373   0.03286    0.0113         0
    91/199     8.59G   0.03319   0.01955         0   0.05274        40       640    0.7803     0.802    0.7941    0.4164   0.03356   0.01131         0
    92/199     8.59G   0.03288    0.0195         0   0.05237        34       640     0.815    0.8254    0.8378    0.4349    0.0332   0.01168         0
    93/199     8.59G     0.034   0.02001         0   0.05402        47       640    0.8215    0.7844    0.8291    0.4252   0.03278   0.01143         0
    94/199     8.59G   0.03243   0.01944         0   0.05187        30       640    0.7965    0.7962    0.8121    0.4202   0.03265   0.01136         0
    95/199     8.59G   0.03293   0.01972         0   0.05265        24       640    0.7728     0.817    0.8305    0.4317    0.0336   0.01184         0
    96/199     8.59G   0.03254   0.01988         0   0.05242        36       640    0.8035    0.8045    0.8248    0.4276    0.0341   0.01176         0
    97/199     8.59G   0.03276   0.01992         0   0.05269        26       640    0.8055    0.8098    0.8325    0.4386   0.03337   0.01147         0
    98/199     8.59G    0.0322   0.01969         0   0.05189        29       640    0.7793    0.8199    0.8219     0.421   0.03251    0.0112         0
    99/199     8.59G   0.03212   0.01944         0   0.05156        34       640    0.8131    0.7853    0.8179    0.4316   0.03351   0.01136         0
   100/199     8.59G   0.03237   0.01975         0   0.05212        41       640     0.825     0.797    0.8591    0.4526   0.03208   0.01122         0
   101/199     8.59G    0.0325   0.01928         0   0.05178        27       640    0.8107     0.807    0.8423    0.4459   0.03199    0.0114         0
   102/199     8.59G   0.03224   0.01961         0   0.05184        27       640    0.8126    0.8229    0.8498     0.462   0.03215   0.01111         0
   103/199     8.59G   0.03206   0.01947         0   0.05153        43       640    0.8431    0.7878    0.8477    0.4559   0.03281    0.0112         0
   104/199     8.59G   0.03214    0.0194         0   0.05154        27       640    0.8242    0.8028    0.8262     0.438   0.03285   0.01112         0
   105/199     8.59G   0.03192   0.01902         0   0.05094        37       640    0.8085    0.8246    0.8481    0.4535    0.0329   0.01109         0
   106/199     8.59G   0.03165   0.01915         0    0.0508        43       640    0.7914    0.8145    0.8392    0.4348   0.03378    0.0112         0
   107/199     8.59G   0.03196   0.01931         0   0.05126        37       640    0.7869    0.8329    0.8302    0.4462   0.03246   0.01095         0
   108/199     8.59G   0.03203   0.01943         0   0.05146        40       640    0.7988    0.8195    0.8222    0.4324   0.03213   0.01082         0
   109/199     8.59G   0.03177   0.01895         0   0.05072        30       640    0.8277    0.8187    0.8313    0.4397   0.03203   0.01103         0
   110/199     8.59G   0.03129   0.01946         0   0.05075        43       640    0.8146    0.8294    0.8301    0.4408   0.03233   0.01113         0
   111/199     8.59G   0.03146   0.01975         0    0.0512        30       640    0.7985    0.8376    0.8254    0.4278   0.03249   0.01094         0
   112/199     8.59G   0.03179   0.01898         0   0.05077        31       640    0.8127    0.8237    0.8407    0.4415   0.03239   0.01138         0
   113/199     8.59G   0.03123   0.01925         0   0.05048        29       640    0.8217    0.8087    0.8342    0.4455   0.03195   0.01117         0
   114/199     8.59G   0.03119   0.01927         0   0.05046        35       640    0.7917    0.8477    0.8463    0.4503   0.03238   0.01111         0
   115/199     8.59G   0.03157   0.01906         0   0.05063        39       640     0.801    0.8342    0.8218    0.4384    0.0329   0.01128         0
   116/199     8.59G   0.03095   0.01921         0   0.05016        37       640    0.7929    0.8195    0.8239    0.4476   0.03259   0.01113         0
   117/199     8.59G   0.03144   0.01868         0   0.05012        38       640    0.8122    0.8145    0.8299    0.4533   0.03282   0.01124         0
   118/199     8.59G   0.03086   0.01947         0   0.05033        41       640    0.7969    0.8404    0.8405    0.4662   0.03201   0.01132         0
   119/199     8.59G   0.03067   0.01931         0   0.04998        29       640    0.8389    0.7919    0.8257    0.4493   0.03242    0.0115         0
   120/199     8.59G   0.03073   0.01886         0   0.04959        30       640    0.8189    0.8386    0.8388    0.4514   0.03297   0.01097         0
   121/199     8.59G   0.03058    0.0188         0   0.04939        22       640    0.8148    0.8521    0.8516    0.4632   0.03137   0.01106         0
   122/199     8.59G   0.03007   0.01872         0   0.04879        24       640    0.8284    0.8028    0.8254    0.4434   0.03239   0.01148         0
   123/199     8.59G   0.03082   0.01881         0   0.04963        47       640     0.799    0.8354    0.8272    0.4483   0.03225    0.0113         0
   124/199     8.59G   0.03011   0.01936         0   0.04947        22       640    0.8342    0.8296    0.8443    0.4667   0.03164   0.01099         0
   125/199     8.59G   0.03039    0.0194         0   0.04978        44       640    0.8074    0.8346    0.8489    0.4685   0.03208   0.01092         0
   126/199     8.59G   0.02899   0.01893         0   0.04792        36       640     0.815    0.8388    0.8532    0.4663    0.0317   0.01097         0
   127/199     8.59G    0.0303   0.01906         0   0.04936        33       640    0.8284    0.8162    0.8417    0.4605   0.03237   0.01097         0
   128/199     8.59G   0.02996   0.01877         0   0.04873        29       640    0.8204    0.8321    0.8488    0.4645   0.03246   0.01114         0
   129/199     8.59G   0.02955   0.01869         0   0.04824        28       640    0.8502    0.8295    0.8595    0.4704   0.03269   0.01131         0
   130/199     8.59G   0.02971   0.01861         0   0.04832        31       640    0.8663    0.8012    0.8557    0.4678   0.03199   0.01113         0
   131/199     8.59G   0.02959   0.01878         0   0.04836        29       640    0.8197    0.8396    0.8379    0.4633   0.03199   0.01099         0
   132/199     8.59G   0.02973   0.01863         0   0.04836        24       640    0.8092    0.8346     0.836    0.4606    0.0326   0.01078         0
   133/199     8.59G   0.03006   0.01895         0   0.04902        33       640    0.8227    0.8413     0.851     0.469   0.03209    0.0108         0
   134/199     8.59G   0.02954     0.018         0   0.04754        37       640    0.8451    0.8203    0.8489    0.4627   0.03161   0.01101         0
   135/199     8.59G   0.02986   0.01866         0   0.04852        34       640    0.8271    0.8513    0.8563    0.4673   0.03195    0.0108         0
   136/199     8.59G   0.02946   0.01833         0   0.04779        38       640    0.8416    0.8304    0.8569    0.4788   0.03161   0.01104         0
   137/199     8.59G   0.02888   0.01884         0   0.04771        31       640    0.8366    0.8605      0.86    0.4721   0.03171   0.01112         0
   138/199     8.59G   0.02966   0.01823         0   0.04789        30       640     0.821    0.8427    0.8534    0.4578   0.03197   0.01082         0
   139/199     8.59G   0.02976   0.01851         0   0.04827        29       640    0.8482    0.8404     0.852    0.4678   0.03238   0.01065         0
   140/199     8.59G   0.02922   0.01806         0   0.04728        40       640    0.8429    0.8429    0.8597     0.473   0.03218   0.01109         0
   141/199     8.59G   0.02969   0.01829         0   0.04798        25       640    0.8363    0.8534    0.8643    0.4759   0.03223   0.01111         0
   142/199     8.59G   0.02838   0.01846         0   0.04684        32       640    0.8132    0.8438     0.849    0.4644   0.03202   0.01099         0
   143/199     8.59G   0.02937   0.01859         0   0.04796        34       640    0.8487    0.8396     0.847    0.4673   0.03173    0.0108         0
   144/199     8.59G   0.02867   0.01803         0    0.0467        26       640    0.8314    0.8463    0.8425    0.4546   0.03235   0.01109         0
   145/199     8.59G   0.02892    0.0182         0   0.04713        22       640     0.845    0.8338    0.8436    0.4553     0.032   0.01096         0
   146/199     8.59G   0.02825   0.01807         0   0.04632        30       640    0.8326    0.8437    0.8488    0.4542   0.03216   0.01136         0
   147/199     8.59G    0.0297   0.01844         0   0.04813        37       640    0.8306    0.8399     0.841    0.4541   0.03204   0.01151         0
   148/199     8.59G   0.02892   0.01771         0   0.04663        29       640     0.841    0.8312     0.835    0.4483   0.03162    0.0113         0
   149/199     8.59G   0.02876   0.01826         0   0.04702        32       640    0.8397    0.8312    0.8313    0.4539   0.03181   0.01146         0
   150/199     8.59G   0.02862   0.01843         0   0.04706        28       640    0.8417    0.8413    0.8446    0.4548   0.03233   0.01147         0
   151/199     8.59G   0.02821   0.01845         0   0.04667        44       640    0.8237     0.853    0.8405    0.4588   0.03259   0.01128         0
   152/199     8.59G   0.02844   0.01844         0   0.04688        29       640    0.8414    0.8304    0.8489    0.4689   0.03147   0.01117         0
   153/199     8.59G   0.02822   0.01825         0   0.04647        34       640    0.8304    0.8555    0.8518    0.4696   0.03201   0.01124         0
   154/199     8.59G   0.02893   0.01799         0   0.04692        31       640    0.8272     0.853    0.8429    0.4617   0.03158   0.01139         0
   155/199     8.59G   0.02824   0.01836         0   0.04661        42       640    0.8262    0.8588     0.836     0.459   0.03162   0.01117         0
   156/199     8.59G   0.02846   0.01799         0   0.04644        31       640    0.8376    0.8533    0.8524     0.466   0.03169   0.01115         0
   157/199     8.59G   0.02783   0.01818         0   0.04601        38       640    0.8374    0.8387    0.8453    0.4686   0.03228   0.01135         0
   158/199     8.59G   0.02799   0.01795         0   0.04594        25       640     0.848    0.8202     0.854    0.4649   0.03225    0.0114         0
   159/199     8.59G   0.02836   0.01834         0    0.0467        28       640    0.8581    0.8285    0.8481    0.4692   0.03201   0.01119         0
   160/199     8.59G   0.02755   0.01783         0   0.04538        32       640    0.8467    0.8262    0.8412    0.4681   0.03195   0.01149         0
   161/199     8.59G   0.02729   0.01791         0   0.04521        31       640    0.8371    0.8421     0.838    0.4619   0.03215   0.01155         0
   162/199     8.59G   0.02732   0.01741         0   0.04473        36       640    0.8399    0.8459    0.8466    0.4696   0.03177   0.01144         0
   163/199     8.59G   0.02778    0.0181         0   0.04588        38       640     0.836    0.8476    0.8363    0.4622   0.03209   0.01143         0
   164/199     8.59G   0.02772     0.018         0   0.04572        37       640    0.8354    0.8479    0.8453    0.4692    0.0319   0.01157         0
   165/199     8.59G   0.02771   0.01752         0   0.04523        36       640    0.8208    0.8571    0.8518    0.4755   0.03208   0.01175         0
   166/199     8.59G   0.02806   0.01802         0   0.04607        37       640     0.838    0.8396    0.8478    0.4682   0.03188   0.01175         0
   167/199     8.59G   0.02745   0.01777         0   0.04522        33       640    0.8216    0.8504    0.8384    0.4627   0.03195   0.01161         0
   168/199     8.59G   0.02761   0.01795         0   0.04555        22       640    0.8167    0.8563    0.8401    0.4704   0.03199   0.01134         0
   169/199     8.59G   0.02735   0.01781         0   0.04516        39       640    0.8347    0.8435     0.846    0.4765   0.03215   0.01148         0
   170/199     8.59G   0.02748   0.01785         0   0.04533        36       640    0.8296    0.8505    0.8427     0.472   0.03189   0.01139         0
   171/199     8.59G   0.02687   0.01746         0   0.04434        36       640     0.818    0.8563    0.8447    0.4702   0.03207   0.01139         0
   172/199     8.59G   0.02755   0.01791         0   0.04547        28       640    0.8394    0.8446    0.8455    0.4689   0.03198   0.01147         0
   173/199     8.59G   0.02676   0.01765         0   0.04441        40       640    0.8267    0.8529    0.8483    0.4724   0.03226   0.01146         0
   174/199     8.59G   0.02733   0.01726         0   0.04459        24       640    0.8268    0.8452    0.8462    0.4701   0.03255   0.01154         0
   175/199     8.59G   0.02692    0.0177         0   0.04462        32       640    0.8308    0.8513    0.8462    0.4671   0.03213    0.0115         0
   176/199     8.59G   0.02708   0.01763         0    0.0447        29       640    0.8645     0.821    0.8453    0.4746   0.03251   0.01176         0
   177/199     8.59G   0.02673   0.01762         0   0.04435        26       640    0.8331     0.853    0.8438    0.4723   0.03245   0.01178         0
   178/199     8.59G   0.02667   0.01743         0    0.0441        30       640    0.8255     0.858    0.8409    0.4674   0.03259    0.0117         0
   179/199     8.59G   0.02709   0.01754         0   0.04463        24       640    0.8252    0.8496    0.8397    0.4636   0.03274   0.01169         0
   180/199     8.59G   0.02657   0.01769         0   0.04426        37       640    0.8244    0.8471    0.8406    0.4669   0.03258   0.01174         0
   181/199     8.59G   0.02709   0.01734         0   0.04443        30       640    0.8323     0.848    0.8416    0.4678   0.03259   0.01178         0
   182/199     8.59G   0.02674   0.01745         0   0.04419        26       640    0.8384    0.8494    0.8437    0.4692   0.03247   0.01158         0
   183/199     8.59G   0.02683   0.01749         0   0.04432        33       640     0.831    0.8555    0.8466    0.4695   0.03243   0.01154         0
   184/199     8.59G   0.02695   0.01756         0   0.04451        34       640    0.8291    0.8596    0.8483    0.4768    0.0322   0.01151         0
   185/199     8.59G   0.02692   0.01724         0   0.04417        41       640    0.8309    0.8495    0.8408    0.4692   0.03179   0.01129         0
   186/199     8.59G   0.02674   0.01722         0   0.04395        36       640    0.8254    0.8496    0.8475    0.4668   0.03194   0.01134         0
   187/199     8.59G    0.0265   0.01752         0   0.04402        34       640    0.8398    0.8279      0.85    0.4641   0.03221   0.01151         0
   188/199     8.59G   0.02661   0.01756         0   0.04417        31       640    0.8196    0.8588    0.8477    0.4661   0.03183    0.0115         0
   189/199     8.59G   0.02689   0.01721         0    0.0441        34       640    0.8313    0.8446    0.8452    0.4716   0.03197   0.01151         0
   190/199     8.59G   0.02659   0.01745         0   0.04405        28       640     0.835    0.8396    0.8419     0.468   0.03205   0.01146         0
   191/199     8.59G   0.02717    0.0175         0   0.04467        26       640    0.8262    0.8377    0.8328    0.4598   0.03204   0.01158         0
   192/199     8.59G    0.0261   0.01749         0   0.04359        34       640    0.8123    0.8387    0.8354    0.4632   0.03209   0.01169         0
   193/199     8.59G   0.02635   0.01716         0   0.04352        32       640    0.8217    0.8363     0.847    0.4746   0.03187   0.01152         0
   194/199     8.59G   0.02605   0.01713         0   0.04318        32       640     0.827    0.8345    0.8458    0.4723   0.03192   0.01152         0
   195/199     8.59G   0.02626   0.01698         0   0.04324        36       640    0.8407    0.8162    0.8444    0.4713   0.03201   0.01143         0
   196/199     8.59G   0.02613   0.01739         0   0.04352        52       640    0.8298    0.8354    0.8476    0.4717   0.03159   0.01122         0
   197/199     8.59G   0.02621   0.01748         0   0.04369        39       640    0.8307    0.8454    0.8461    0.4735   0.03198   0.01114         0
   198/199     8.59G   0.02641   0.01769         0   0.04409        33       640    0.8188    0.8588     0.848    0.4747   0.03218   0.01112         0
   199/199     8.59G   0.02606   0.01739         0   0.04345        41       640    0.8274    0.8613    0.8501    0.4789   0.03215   0.01128         0
