     0/199     7.67G   0.09152   0.02762         0    0.1191        30       640  0.005848   0.02757 0.0008895 0.0001739   0.08195   0.01507         0
     1/199     8.82G   0.08363   0.02751         0    0.1111        33       640   0.02097     0.137   0.01019  0.001439    0.0776   0.01418         0
     2/199     8.82G   0.07583   0.03024         0    0.1061        33       640   0.02501   0.07937   0.01505   0.00608   0.07344    0.0157         0
     3/199     8.82G   0.07047   0.03068         0    0.1011        21       640   0.07486    0.1003   0.01942  0.003077   0.07218   0.01579         0
     4/199     8.82G   0.06711   0.03153         0   0.09863        30       640   0.06789    0.1312   0.02701  0.004786   0.06396   0.02106         0
     5/199     8.82G   0.06294   0.03088         0   0.09382        43       640    0.2288    0.2356    0.1284   0.02696   0.06056   0.01867         0
     6/199     8.82G    0.0622    0.0292         0    0.0914        31       640    0.1824    0.2013    0.1018    0.0217   0.06101   0.01786         0
     7/199     8.82G   0.05901   0.02853         0   0.08755        31       640    0.2665    0.3258    0.1851   0.04405   0.06723    0.0148         0
     8/199     8.82G   0.05833   0.02775         0   0.08608        43       640    0.2257    0.3952    0.1461   0.03958   0.06163   0.02215         0
     9/199     8.82G   0.05706   0.02731         0   0.08437        34       640    0.3789    0.4277    0.2955   0.07455   0.05683   0.01627         0
    10/199     8.82G   0.05543   0.02703         0   0.08246        37       640    0.5653    0.4043    0.3835    0.1228     0.055   0.01526         0
    11/199     8.82G   0.05395   0.02583         0   0.07979        32       640     0.391    0.3041    0.2833   0.08515   0.05157   0.01569         0
    12/199     8.82G   0.05335   0.02638         0   0.07973        34       640    0.6167    0.4436    0.4364    0.1253   0.05056   0.01453         0
    13/199     8.82G   0.05058   0.02535         0   0.07593        28       640    0.2673    0.4311    0.2118   0.05839   0.05493   0.01496         0
    14/199     8.82G   0.05069   0.02518         0   0.07587        28       640    0.4603    0.4678    0.3667     0.113   0.04865   0.01546         0
    15/199     8.82G   0.05052   0.02567         0   0.07619        47       640    0.4478    0.4962    0.3879    0.1149    0.0467   0.01419         0
    16/199     8.82G   0.04768   0.02424         0   0.07191        22       640    0.4428    0.5113    0.4442    0.1471   0.04511   0.01396         0
    17/199     8.82G   0.04731   0.02439         0    0.0717        28       640    0.5599    0.5029    0.4314    0.1515   0.04835   0.01399         0
    18/199     8.82G    0.0491   0.02527         0   0.07438        37       640    0.5775    0.5957    0.5419    0.1934    0.0464   0.01338         0
    19/199     8.82G   0.04588   0.02362         0   0.06949        28       640    0.7343    0.5355    0.6021    0.2105   0.04593   0.01337         0
    20/199     8.82G   0.04633   0.02422         0   0.07054        40       640    0.6539    0.5636      0.57    0.2198   0.04268   0.01342         0
    21/199     8.82G   0.04575   0.02419         0   0.06993        39       640    0.6893    0.6174    0.6015    0.2303   0.04409   0.01389         0
    22/199     8.82G   0.04642   0.02356         0   0.06998        43       640    0.6819     0.594    0.6159    0.2453   0.04354   0.01308         0
    23/199     8.82G   0.04482   0.02358         0    0.0684        26       640    0.6631     0.604    0.5896    0.2191   0.04288   0.01323         0
    24/199     8.82G   0.04387   0.02367         0   0.06755        34       640    0.6195      0.65    0.6221    0.2483   0.04119   0.01311         0
    25/199     8.82G   0.04402   0.02331         0   0.06733        30       640    0.6105    0.6633    0.6052    0.2329   0.04065   0.01311         0
    26/199     8.82G   0.04402   0.02376         0   0.06778        47       640    0.6576    0.6499    0.6209     0.246   0.04291   0.01232         0
    27/199     8.82G    0.0444    0.0233         0    0.0677        30       640    0.6818    0.6458    0.6243    0.2457   0.04042    0.0125         0
    28/199     8.82G   0.04287   0.02304         0   0.06591        31       640    0.6483    0.6683    0.6509    0.2788   0.04013   0.01223         0
    29/199     8.82G    0.0433   0.02353         0   0.06683        44       640    0.6056    0.6416     0.593      0.23   0.04327    0.0133         0
    30/199     8.82G   0.04366   0.02289         0   0.06655        21       640    0.6676    0.6292    0.5934    0.2227   0.04285   0.01266         0
    31/199     8.82G   0.04242   0.02266         0   0.06508        36       640    0.7328    0.6299    0.6841    0.2834   0.04129   0.01277         0
    32/199     8.82G   0.04283    0.0228         0   0.06562        39       640     0.654    0.6475    0.6072    0.2444   0.04136   0.01202         0
    33/199     8.82G   0.04256   0.02311         0   0.06567        28       640     0.694    0.6499     0.664    0.2864   0.03991     0.013         0
    34/199     8.82G   0.04208   0.02227         0   0.06435        25       640    0.6187    0.7109     0.602    0.2425    0.0391   0.01235         0
    35/199     8.82G   0.04091   0.02284         0   0.06374        24       640    0.6772    0.6926    0.6725    0.2825   0.03936   0.01186         0
    36/199     8.82G   0.04189   0.02249         0   0.06438        27       640    0.5735    0.6909    0.5841    0.2351   0.03903    0.0124         0
    37/199     8.82G   0.04276   0.02292         0   0.06568        41       640     0.768    0.6471    0.6849    0.2718   0.04014   0.01262         0
    38/199     8.82G   0.04163   0.02277         0    0.0644        24       640    0.6804    0.6675    0.6472      0.28   0.04013   0.01288         0
    39/199     8.82G   0.04097   0.02237         0   0.06334        28       640    0.6755    0.7356    0.7014    0.3002   0.03873   0.01238         0
    40/199     8.82G   0.04059   0.02246         0   0.06305        33       640    0.7066    0.7185    0.7078    0.3165   0.03714   0.01217         0
    41/199     8.82G   0.04172    0.0226         0   0.06433        36       640    0.6518    0.7273    0.6619    0.2712   0.03699     0.012         0
    42/199     8.82G   0.04067   0.02215         0   0.06282        32       640    0.7376    0.6876    0.6902    0.2772    0.0383   0.01223         0
    43/199     8.82G   0.04011     0.022         0   0.06211        31       640    0.7609    0.6942    0.7341    0.3231   0.03876   0.01235         0
    44/199     8.82G   0.03921   0.02213         0   0.06134        39       640    0.7277    0.7057      0.71    0.3161   0.03813   0.01211         0
    45/199     8.82G   0.04156   0.02192         0   0.06348        27       640    0.7344    0.6926    0.7155    0.3182     0.037   0.01218         0
    46/199     8.82G    0.0402   0.02197         0   0.06217        27       640    0.7602    0.7026    0.7382    0.3145   0.03824   0.01217         0
    47/199     8.82G   0.03958   0.02188         0   0.06145        30       640    0.7473    0.7185    0.7411    0.3232   0.03645   0.01245         0
    48/199     8.82G   0.03966   0.02243         0   0.06209        36       640    0.7397    0.7084     0.729    0.3281   0.03568   0.01221         0
    49/199     8.82G   0.03982   0.02163         0   0.06145        39       640    0.7507    0.7084    0.7024    0.3007   0.03722   0.01247         0
    50/199     8.82G   0.03919   0.02175         0   0.06094        32       640    0.7233    0.6835    0.7054    0.3036   0.04002   0.01299         0
    51/199     8.82G   0.03951   0.02155         0   0.06106        25       640     0.725    0.7168    0.6926    0.3073   0.03786   0.01163         0
    52/199     8.82G   0.03972   0.02233         0   0.06205        32       640    0.7113    0.7141    0.7074    0.3136    0.0375   0.01187         0
    53/199     8.82G   0.03848    0.0216         0   0.06009        35       640    0.7183    0.7199     0.725    0.3252   0.03825   0.01213         0
    54/199     8.82G   0.04001   0.02192         0   0.06193        56       640    0.6964    0.7243    0.7114    0.3115   0.03793   0.01145         0
    55/199     8.82G   0.03872   0.02154         0   0.06025        27       640    0.7647    0.6734    0.7301    0.3368   0.03914   0.01248         0
    56/199     8.82G   0.03974   0.02228         0   0.06201        22       640    0.7261    0.7376    0.7262    0.3214   0.03644   0.01194         0
    57/199     8.82G   0.03882   0.02176         0   0.06058        29       640    0.7733    0.7318    0.7641     0.356    0.0362   0.01137         0
    58/199     8.82G    0.0382   0.02143         0   0.05963        25       640    0.7156    0.7343     0.745    0.3298   0.03568   0.01147         0
    59/199     8.82G   0.03892   0.02109         0   0.06001        28       640     0.666    0.7703     0.719    0.3286   0.03638   0.01142         0
    60/199     8.82G   0.03839   0.02175         0   0.06015        27       640    0.7078    0.7327    0.7124     0.317   0.03694   0.01146         0
    61/199     8.82G   0.03884   0.02133         0   0.06017        29       640    0.7461    0.7242    0.7532    0.3503   0.03661   0.01169         0
    62/199     8.82G   0.03881   0.02198         0   0.06079        32       640    0.7931    0.7051    0.7646    0.3665   0.03631   0.01273         0
    63/199     8.82G   0.03757   0.02123         0    0.0588        33       640    0.7551    0.7472    0.7772    0.3587   0.03535   0.01168         0
    64/199     8.82G   0.03786   0.02073         0   0.05859        39       640    0.7839    0.7032    0.7358    0.3237   0.03657    0.0117         0
    65/199     8.82G   0.03791   0.02075         0   0.05866        30       640     0.771    0.7339     0.773    0.3567   0.03472    0.0117         0
    66/199     8.82G   0.03748   0.02125         0   0.05873        40       640    0.7218    0.7001    0.7149    0.3337   0.03558   0.01206         0
    67/199     8.82G   0.03746   0.02144         0   0.05889        26       640    0.7698    0.7292    0.7506    0.3356   0.03678   0.01202         0
    68/199     8.82G   0.03743    0.0215         0   0.05892        31       640    0.7966    0.7435    0.7713    0.3684   0.03647   0.01204         0
    69/199     8.82G   0.03748   0.02089         0   0.05837        31       640    0.7704    0.7452    0.7811    0.3617   0.03559   0.01166         0
    70/199     8.82G   0.03703   0.02088         0   0.05791        22       640     0.828    0.7084    0.7854    0.3689   0.03566   0.01166         0
    71/199     8.82G   0.03806   0.02124         0   0.05931        37       640    0.7275     0.765    0.7599    0.3647   0.03448    0.0115         0
    72/199     8.82G   0.03655   0.02141         0   0.05796        32       640    0.7757    0.7352    0.7697    0.3622   0.03519   0.01162         0
    73/199     8.82G   0.03682   0.02099         0   0.05781        21       640    0.7682    0.7402    0.7724    0.3758   0.03508   0.01157         0
    74/199     8.82G   0.03733    0.0217         0   0.05903        33       640    0.7495     0.755    0.7833    0.3649   0.03494   0.01134         0
    75/199     8.82G   0.03699    0.0211         0   0.05809        39       640    0.8043    0.7452    0.7813    0.3753   0.03414   0.01119         0
    76/199     8.82G   0.03678   0.02129         0   0.05806        42       640    0.7654    0.7685    0.7766    0.3707   0.03559   0.01169         0
    77/199     8.82G   0.03737   0.02078         0   0.05815        32       640      0.79     0.731    0.7833    0.3749   0.03595   0.01179         0
    78/199     8.82G   0.03815   0.02105         0    0.0592        28       640    0.8311    0.6949    0.7776    0.3692    0.0354   0.01192         0
    79/199     8.82G   0.03643   0.02076         0   0.05719        36       640    0.7464    0.7771    0.7719    0.3661   0.03501    0.0116         0
    80/199     8.82G   0.03615     0.021         0   0.05715        27       640    0.7818    0.7636    0.7853    0.3844   0.03488   0.01161         0
    81/199     8.82G   0.03638   0.02078         0   0.05716        34       640    0.7592    0.7485    0.7712    0.3661   0.03478   0.01181         0
    82/199     8.82G   0.03589   0.02064         0   0.05653        35       640    0.7805    0.7397    0.7843    0.3847   0.03391   0.01161         0
    83/199     8.82G   0.03587   0.02068         0   0.05656        35       640    0.7797    0.7659    0.7933    0.3878   0.03524   0.01148         0
    84/199     8.82G   0.03601   0.02097         0   0.05698        26       640    0.7995    0.7494     0.787    0.3827    0.0346   0.01117         0
    85/199     8.82G   0.03647   0.02085         0   0.05733        43       640    0.7972    0.7444    0.7921    0.3879   0.03415   0.01165         0
    86/199     8.82G   0.03596   0.02113         0    0.0571        44       640    0.8021     0.736     0.785    0.3853   0.03517   0.01187         0
    87/199     8.82G   0.03651   0.02057         0   0.05708        29       640    0.8181     0.729    0.7896    0.3908    0.0342    0.0118         0
    88/199     8.82G   0.03629   0.02099         0   0.05728        36       640    0.7666    0.7845    0.7938    0.3941    0.0344   0.01154         0
    89/199     8.82G   0.03545   0.02051         0   0.05596        35       640    0.8059      0.77    0.8071    0.4028   0.03455   0.01124         0
    90/199     8.82G   0.03612   0.02053         0   0.05665        25       640    0.8091    0.7575    0.8079    0.4015   0.03385   0.01143         0
    91/199     8.82G    0.0359   0.02014         0   0.05604        31       640    0.7451    0.7666    0.7771    0.3877   0.03414   0.01128         0
    92/199     8.82G   0.03607   0.02089         0   0.05696        40       640     0.778    0.7702    0.7804    0.3963    0.0334   0.01114         0
    93/199     8.82G   0.03491   0.02087         0   0.05578        35       640    0.8024    0.7435    0.7984    0.4064   0.03382   0.01122         0
    94/199     8.82G   0.03499   0.02035         0   0.05534        25       640    0.8005    0.7744    0.8037    0.3978   0.03437   0.01212         0
    95/199     8.82G   0.03533   0.02023         0   0.05557        23       640    0.8071     0.741    0.7731    0.3918   0.03444   0.01171         0
    96/199     8.82G    0.0351   0.02055         0   0.05566        53       640    0.8415    0.7451    0.8226    0.4268   0.03379    0.0113         0
    97/199     8.82G    0.0346   0.02032         0   0.05492        29       640    0.7507    0.8074    0.8018     0.403   0.03508   0.01156         0
    98/199     8.82G   0.03535   0.02005         0    0.0554        26       640    0.8036    0.7744    0.8035    0.4094   0.03361    0.0115         0
    99/199     8.82G    0.0352   0.02031         0   0.05551        31       640    0.7925    0.7853    0.8051    0.4034     0.033   0.01168         0
   100/199     8.82G   0.03582   0.02024         0   0.05606        34       640    0.8179    0.7694    0.7982    0.4033   0.03384   0.01187         0
   101/199     8.82G   0.03445   0.02032         0   0.05477        25       640    0.8121    0.7836    0.8204    0.4147   0.03392   0.01182         0
   102/199     8.82G   0.03505   0.02031         0   0.05536        24       640    0.7809    0.8037    0.8209    0.4209   0.03466   0.01134         0
   103/199     8.82G   0.03449   0.02045         0   0.05494        36       640     0.793    0.7945    0.8141    0.4077   0.03376   0.01154         0
   104/199     8.82G   0.03447   0.02085         0   0.05532        36       640    0.8189    0.7894    0.8232    0.4241   0.03417   0.01151         0
   105/199     8.82G   0.03414   0.01996         0    0.0541        34       640    0.8587    0.7502    0.8295      0.42    0.0338   0.01111         0
   106/199     8.82G   0.03482   0.02005         0   0.05487        27       640    0.8098    0.7828    0.8233    0.4133   0.03353    0.0108         0
   107/199     8.82G   0.03381   0.01966         0   0.05348        22       640    0.8121    0.7909    0.8292    0.4188   0.03351    0.0113         0
   108/199     8.82G   0.03397   0.02058         0   0.05455        34       640    0.8097    0.7652     0.823    0.4235   0.03326   0.01115         0
   109/199     8.82G   0.03379   0.02014         0   0.05392        36       640     0.804    0.7848    0.8148    0.4213   0.03385   0.01068         0
   110/199     8.82G   0.03319   0.02033         0   0.05352        52       640    0.8047    0.8053    0.8282    0.4243   0.03434   0.01212         0
   111/199     8.82G    0.0337   0.02031         0     0.054        34       640      0.79    0.8129    0.8199     0.429   0.03305   0.01147         0
   112/199     8.82G   0.03389   0.01987         0   0.05376        29       640    0.8231    0.7895    0.8351    0.4402   0.03346   0.01144         0
   113/199     8.82G   0.03364   0.01977         0    0.0534        19       640    0.8312    0.7828    0.8422    0.4343   0.03297   0.01133         0
   114/199     8.82G   0.03267   0.01969         0   0.05236        14       640    0.8213    0.7978    0.8377    0.4336   0.03307   0.01188         0
   115/199     8.82G   0.03304   0.01952         0   0.05256        36       640    0.8026    0.7861    0.8157    0.4191   0.03342   0.01208         0
   116/199     8.82G   0.03333   0.02018         0   0.05351        34       640    0.8162    0.7977    0.8187    0.4166   0.03254   0.01115         0
   117/199     8.82G    0.0324   0.01972         0   0.05213        22       640    0.7826    0.8178    0.8397    0.4333   0.03188   0.01101         0
   118/199     8.82G   0.03361   0.01979         0   0.05339        24       640    0.8424    0.7678    0.8186    0.4177    0.0325   0.01108         0
   119/199     8.82G   0.03324      0.02         0   0.05324        34       640    0.7914    0.8062    0.8057     0.409   0.03228   0.01109         0
   120/199     8.82G   0.03252   0.01964         0   0.05216        29       640    0.8498    0.7519    0.8247      0.43   0.03237   0.01107         0
   121/199     8.82G   0.03288   0.01921         0   0.05209        20       640    0.8453    0.7845    0.8409    0.4417   0.03259   0.01132         0
   122/199     8.82G   0.03324   0.02024         0   0.05348        41       640    0.8243    0.7841    0.8394    0.4375   0.03313   0.01131         0
   123/199     8.82G    0.0328   0.01938         0   0.05218        41       640    0.8209    0.8003    0.8245    0.4274   0.03242   0.01107         0
   124/199     8.82G    0.0331   0.01957         0   0.05267        29       640    0.8132    0.7987     0.821    0.4204     0.032   0.01141         0
   125/199     8.82G   0.03208   0.01932         0    0.0514        35       640    0.8157    0.8099    0.8349    0.4336   0.03238   0.01096         0
   126/199     8.82G   0.03232   0.01987         0   0.05219        31       640    0.8415    0.7928     0.825    0.4125   0.03235   0.01127         0
   127/199     8.82G   0.03236   0.01925         0   0.05161        40       640    0.8232    0.8095    0.8377    0.4454   0.03196   0.01139         0
   128/199     8.82G    0.0323   0.01925         0   0.05154        32       640    0.8171    0.8179    0.8335    0.4426   0.03213   0.01139         0
   129/199     8.82G   0.03159   0.01978         0   0.05137        30       640    0.8222     0.797    0.8242    0.4391   0.03328   0.01131         0
   130/199     8.82G    0.0315    0.0198         0    0.0513        39       640    0.8354     0.776    0.8342    0.4439   0.03226    0.0122         0
   131/199     8.82G   0.03231   0.01977         0   0.05208        40       640    0.8144    0.8101    0.8137    0.4216   0.03231   0.01145         0
   132/199     8.82G   0.03215   0.01981         0   0.05196        22       640    0.8447    0.7907     0.833    0.4421   0.03361   0.01179         0
   133/199     8.82G   0.03127   0.01923         0    0.0505        32       640    0.8117     0.812    0.8296    0.4377   0.03273   0.01139         0
   134/199     8.82G   0.03165   0.01985         0    0.0515        28       640    0.8233    0.8016    0.8281    0.4369   0.03288   0.01155         0
   135/199     8.82G   0.03167   0.01941         0   0.05108        27       640    0.8175    0.8237    0.8417    0.4472    0.0331   0.01161         0
   136/199     8.82G   0.03183   0.01962         0   0.05145        37       640    0.8363    0.7903    0.8257    0.4334   0.03262   0.01136         0
   137/199     8.82G    0.0312   0.01887         0   0.05006        22       640    0.7914    0.8262    0.8242    0.4316   0.03201   0.01133         0
   138/199     8.82G   0.03124   0.01909         0   0.05033        36       640    0.8254    0.8145    0.8476     0.445    0.0324    0.0115         0
   139/199     8.82G   0.03083   0.01879         0   0.04962        32       640    0.8301    0.7917    0.8355     0.448   0.03275   0.01151         0
   140/199     8.82G   0.03144   0.01908         0   0.05052        28       640    0.8516    0.7814     0.833    0.4463   0.03236    0.0114         0
   141/199     8.82G   0.03208   0.01911         0   0.05119        24       640    0.8331    0.8112    0.8404    0.4529   0.03234   0.01127         0
   142/199     8.82G   0.03094   0.01889         0   0.04983        33       640    0.8373    0.7953    0.8403    0.4438   0.03206   0.01144         0
   143/199     8.82G   0.03148   0.01939         0   0.05087        26       640      0.81    0.8271    0.8304    0.4395   0.03156   0.01119         0
   144/199     8.82G   0.03121   0.01897         0   0.05019        27       640    0.7951    0.8421    0.8359    0.4401   0.03199   0.01108         0
   145/199     8.82G   0.03102   0.01868         0   0.04969        45       640    0.8075    0.8221    0.8266     0.436   0.03191   0.01118         0
   146/199     8.82G   0.03083   0.01934         0   0.05017        30       640    0.8242    0.8145    0.8342    0.4439   0.03255   0.01114         0
   147/199     8.82G   0.03161   0.01969         0    0.0513        34       640    0.8126     0.812    0.8231    0.4405   0.03236   0.01124         0
   148/199     8.82G   0.03081   0.01919         0      0.05        30       640    0.8095    0.8269     0.826    0.4366   0.03229   0.01155         0
   149/199     8.82G   0.03089   0.01848         0   0.04937        37       640    0.8142    0.8329    0.8351    0.4475   0.03207   0.01155         0
   150/199     8.82G   0.03084   0.01927         0    0.0501        44       640    0.8179    0.8104    0.8299     0.445   0.03204    0.0116         0
   151/199     8.82G   0.02982   0.01882         0   0.04863        38       640    0.8254    0.8162    0.8342    0.4468   0.03223   0.01157         0
   152/199     8.82G   0.03031   0.01894         0   0.04925        28       640    0.8231    0.8129    0.8287    0.4487   0.03234   0.01154         0
   153/199     8.82G   0.03015   0.01876         0   0.04892        45       640     0.808     0.817    0.8304    0.4454   0.03253   0.01131         0
   154/199     8.82G   0.03019   0.01878         0   0.04896        37       640    0.8383    0.7845    0.8222    0.4473   0.03184   0.01149         0
   155/199     8.82G   0.03052   0.01862         0   0.04914        28       640    0.8356    0.8112    0.8319    0.4469   0.03186    0.0114         0
   156/199     8.82G   0.02996   0.01888         0   0.04884        35       640    0.8133    0.8443    0.8373    0.4554   0.03212   0.01115         0
   157/199     8.82G   0.02983    0.0188         0   0.04863        29       640    0.8304    0.8229    0.8329    0.4573   0.03229   0.01133         0
   158/199     8.82G   0.02992    0.0186         0   0.04852        31       640    0.8296    0.8195    0.8299    0.4488   0.03212   0.01142         0
   159/199     8.82G   0.03017   0.01883         0     0.049        31       640    0.8157     0.821    0.8291    0.4482   0.03188   0.01145         0
   160/199     8.82G   0.03029   0.01871         0     0.049        33       640     0.841    0.8012    0.8299    0.4482   0.03218   0.01148         0
   161/199     8.82G   0.02898   0.01851         0   0.04749        32       640    0.8224    0.8271    0.8327    0.4432   0.03254   0.01155         0
   162/199     8.82G   0.02994   0.01876         0   0.04871        33       640    0.8424    0.8095     0.828    0.4497   0.03222   0.01144         0
   163/199     8.82G   0.03007   0.01834         0   0.04841        37       640     0.807    0.8349    0.8361    0.4419   0.03223   0.01138         0
   164/199     8.82G   0.02999   0.01845         0   0.04844        35       640    0.8308    0.8243    0.8348    0.4445   0.03237   0.01147         0
   165/199     8.82G   0.02947   0.01817         0   0.04764        38       640    0.8289    0.8335    0.8357      0.45    0.0326    0.0112         0
   166/199     8.82G   0.02967   0.01863         0    0.0483        31       640    0.8498    0.8087    0.8399    0.4579   0.03216   0.01138         0
   167/199     8.82G   0.02971   0.01869         0    0.0484        27       640    0.8483    0.8045    0.8379    0.4622   0.03239   0.01135         0
   168/199     8.82G   0.02991   0.01869         0   0.04861        48       640    0.8205    0.8338    0.8401    0.4526   0.03211   0.01136         0
   169/199     8.82G   0.02934   0.01873         0   0.04807        50       640    0.8385    0.8087    0.8356    0.4509   0.03194   0.01138         0
   170/199     8.82G   0.03014   0.01824         0   0.04838        40       640    0.8231    0.8187     0.833    0.4461   0.03212   0.01141         0
   171/199     8.82G   0.02931   0.01861         0   0.04792        35       640    0.8175    0.8271    0.8306    0.4388   0.03199   0.01125         0
   172/199     8.82G   0.02969   0.01811         0   0.04781        38       640    0.8374    0.8246    0.8365    0.4519   0.03198   0.01187         0
   173/199     8.82G   0.02938   0.01859         0   0.04797        26       640    0.8499    0.7994    0.8288    0.4426   0.03211    0.0116         0
   174/199     8.82G   0.02927   0.01836         0   0.04763        34       640    0.8421    0.8153    0.8303    0.4431   0.03218   0.01137         0
   175/199     8.82G   0.02898   0.01797         0   0.04695        36       640    0.8422     0.817    0.8357    0.4457   0.03255   0.01147         0
   176/199     8.82G   0.02855   0.01837         0   0.04692        36       640    0.8446    0.8219    0.8424    0.4483   0.03264   0.01163         0
   177/199     8.82G   0.02893   0.01814         0   0.04707        37       640    0.8402    0.8211    0.8331    0.4471   0.03253   0.01165         0
   178/199     8.82G   0.02849   0.01823         0   0.04672        42       640     0.833     0.817    0.8237    0.4403   0.03313   0.01197         0
   179/199     8.82G   0.02913   0.01841         0   0.04754        37       640     0.835    0.8245    0.8289    0.4435   0.03273   0.01192         0
   180/199     8.82G   0.02912   0.01839         0   0.04751        26       640    0.8206    0.8371     0.824    0.4411   0.03273   0.01179         0
   181/199     8.82G   0.02877   0.01817         0   0.04694        38       640    0.8382    0.8135    0.8279    0.4396   0.03287   0.01189         0
   182/199     8.82G   0.02879   0.01843         0   0.04722        33       640    0.8385    0.8153    0.8327    0.4443    0.0326   0.01184         0
   183/199     8.82G   0.02834   0.01799         0   0.04632        35       640     0.823    0.8246    0.8266    0.4432   0.03238   0.01171         0
   184/199     8.82G   0.02892   0.01849         0   0.04741        28       640    0.8186    0.8294    0.8222    0.4437   0.03242   0.01157         0
   185/199     8.82G   0.02904   0.01795         0   0.04699        32       640    0.8583    0.7953    0.8238    0.4453   0.03267   0.01156         0
   186/199     8.82G   0.02892   0.01809         0   0.04701        33       640    0.8298    0.8195     0.832    0.4506   0.03229   0.01138         0
   187/199     8.82G     0.029   0.01811         0   0.04712        40       640    0.8417    0.8045    0.8302    0.4545   0.03218   0.01126         0
   188/199     8.82G   0.02838   0.01801         0   0.04639        50       640    0.8259    0.8206    0.8287    0.4501   0.03224   0.01132         0
   189/199     8.82G   0.02849   0.01775         0   0.04624        25       640     0.818    0.8354    0.8305    0.4516   0.03231    0.0115         0
   190/199     8.82G   0.02789   0.01837         0   0.04626        25       640    0.8432    0.8132    0.8306    0.4521   0.03204   0.01154         0
   191/199     8.82G   0.02878   0.01815         0   0.04693        42       640    0.8483    0.8082    0.8372    0.4556   0.03191   0.01169         0
   192/199     8.82G   0.02854   0.01817         0   0.04671        35       640    0.8447    0.8177    0.8368    0.4506   0.03175   0.01166         0
   193/199     8.82G   0.02809    0.0183         0   0.04638        24       640    0.8572    0.8087     0.843    0.4564   0.03193   0.01197         0
   194/199     8.82G   0.02872   0.01821         0   0.04693        36       640    0.8382    0.8226    0.8429    0.4535   0.03213   0.01205         0
   195/199     8.82G   0.02824   0.01813         0   0.04637        31       640    0.8504    0.8079     0.838     0.448   0.03229   0.01214         0
   196/199     8.82G   0.02808   0.01776         0   0.04584        32       640    0.8343    0.8244    0.8379    0.4477   0.03215    0.0121         0
   197/199     8.82G   0.02845   0.01794         0   0.04639        26       640    0.8303    0.8271    0.8306    0.4439   0.03234   0.01191         0
   198/199     8.82G     0.028   0.01862         0   0.04661        41       640    0.8336    0.8287    0.8308    0.4421   0.03262   0.01193         0
   199/199     8.82G   0.02866   0.01803         0   0.04669        33       640    0.8211    0.8243    0.8254    0.4415   0.03274   0.01191         0
