     0/199      7.6G   0.09176   0.02831         0    0.1201        20       640  0.002809  0.008354 0.0004497 6.642e-05   0.08115    0.0157         0
     1/199     8.76G   0.08626   0.02627         0    0.1125        27       640  0.009149  0.003342 0.0003324 5.076e-05   0.08148   0.01482         0
     2/199     8.76G   0.08351   0.02685         0    0.1104        28       640  0.009277    0.0259  0.001211 0.0001589   0.07939   0.01449         0
     3/199     8.76G   0.07466   0.02926         0    0.1039        34       640    0.1313   0.08271   0.02964  0.003923   0.06951   0.01726         0
     4/199     8.76G    0.0697   0.03162         0    0.1013        30       640   0.04964    0.1328   0.01749  0.002223   0.07264   0.01565         0
     5/199     8.76G   0.06501   0.03131         0   0.09632        35       640  0.007338    0.2306   0.00265 0.0003395   0.08122   0.01933         0
     6/199     8.76G   0.06231   0.03098         0    0.0933        32       640   0.05992    0.1963   0.02924  0.004537   0.06219   0.01709         0
     7/199     8.76G   0.06132   0.03015         0   0.09147        31       640    0.0542    0.2406   0.02936  0.004649   0.06603   0.02716         0
     8/199     8.76G   0.06031   0.03057         0   0.09088        39       640   0.06674    0.1287   0.03187  0.004868   0.06747   0.01659         0
     9/199     8.76G      0.06   0.02938         0   0.08939        39       640   0.02345    0.5096   0.01726  0.002495   0.06298    0.7752         0
    10/199     8.76G   0.05723   0.02843         0   0.08566        32       640    0.1219    0.2932   0.08477   0.01531   0.05834   0.01584         0
    11/199     8.76G   0.05658   0.02741         0   0.08399        32       640    0.3904    0.3041    0.2632   0.07454   0.05798   0.01468         0
    12/199     8.76G   0.05495   0.02688         0   0.08183        28       640      0.58     0.323    0.3246    0.1054   0.06029   0.01515         0
    13/199     8.76G   0.05401    0.0267         0   0.08071        41       640    0.1158    0.2707   0.07838   0.01924    0.0569   0.01471         0
    14/199     8.76G   0.05267   0.02709         0   0.07976        39       640    0.4521    0.4406    0.4198    0.1405   0.04952   0.01406         0
    15/199     8.76G   0.05103   0.02611         0   0.07714        39       640    0.3479    0.4612    0.3304    0.1092   0.04781   0.01399         0
    16/199     8.76G   0.05044   0.02516         0   0.07561        44       640    0.4877    0.4904    0.4614    0.1657   0.04974   0.01412         0
    17/199     8.76G   0.04885   0.02483         0   0.07368        43       640    0.6103    0.5497    0.5578    0.1952   0.04482   0.01363         0
    18/199     8.76G   0.04771   0.02477         0   0.07248        36       640    0.6245    0.5113    0.5469    0.2047   0.04751   0.01418         0
    19/199     8.76G   0.04727   0.02475         0   0.07202        43       640    0.5396     0.584    0.5281    0.1881   0.04391   0.01288         0
    20/199     8.76G   0.04797   0.02428         0   0.07225        22       640    0.6307    0.5439    0.5785    0.2171   0.04632   0.01379         0
    21/199     8.76G   0.04707   0.02388         0   0.07095        37       640    0.5478    0.5921    0.5423    0.2087   0.04572   0.01363         0
    22/199     8.76G   0.04571   0.02395         0   0.06966        25       640    0.6026    0.5297    0.5781    0.2232   0.04295   0.01298         0
    23/199     8.76G   0.04559   0.02485         0   0.07044        30       640    0.6216    0.5092    0.5653    0.2123   0.04504   0.01243         0
    24/199     8.76G   0.04442   0.02313         0   0.06755        37       640    0.6676    0.5906     0.633    0.2277   0.04446   0.01282         0
    25/199     8.76G   0.04492   0.02319         0    0.0681        32       640    0.7548    0.5915    0.6731    0.2845   0.04097   0.01262         0
    26/199     8.76G   0.04415   0.02296         0   0.06711        24       640    0.7094    0.5793    0.6279    0.2441   0.04425   0.01363         0
    27/199     8.76G   0.04487   0.02341         0   0.06828        34       640    0.5391    0.5756    0.5207    0.2033    0.0414   0.01323         0
    28/199     8.76G   0.04431   0.02287         0   0.06719        30       640    0.6997    0.6625    0.6812    0.2851    0.0407   0.01299         0
    29/199     8.76G   0.04408   0.02273         0   0.06681        23       640    0.7013    0.6571    0.6994    0.3116    0.0409   0.01289         0
    30/199     8.76G   0.04398   0.02282         0    0.0668        29       640    0.6789    0.6583    0.6793    0.2879   0.04128   0.01287         0
    31/199     8.76G   0.04236   0.02237         0   0.06473        40       640    0.6711    0.6316    0.6416    0.2812   0.03962   0.01224         0
    32/199     8.76G   0.04217   0.02248         0   0.06465        32       640    0.7299    0.5806    0.6483    0.2948     0.044   0.01462         0
    33/199     8.76G   0.04282   0.02271         0   0.06553        39       640    0.6643    0.6717    0.6715    0.2934   0.04053   0.01224         0
    34/199     8.76G   0.04224   0.02299         0   0.06524        37       640     0.646    0.6867    0.6584    0.2782    0.0398   0.01242         0
    35/199     8.76G   0.04224   0.02234         0   0.06458        24       640    0.6941    0.6692    0.7037    0.3176   0.03938   0.01243         0
    36/199     8.76G   0.04263   0.02292         0   0.06554        45       640    0.7306    0.6344    0.6986    0.3216   0.03902   0.01251         0
    37/199     8.76G   0.04177   0.02231         0   0.06409        29       640    0.7786    0.6581    0.7398    0.3424   0.03875   0.01217         0
    38/199     8.76G   0.04134   0.02235         0    0.0637        26       640    0.7295    0.6646    0.7198    0.3212   0.03925   0.01211         0
    39/199     8.76G   0.04146   0.02228         0   0.06374        46       640    0.6947    0.6805    0.7093    0.3103   0.03976   0.01249         0
    40/199     8.76G   0.04078   0.02223         0   0.06302        35       640    0.6403    0.7343     0.705    0.3204   0.03886   0.01176         0
    41/199     8.76G   0.04099   0.02231         0   0.06331        33       640    0.6824    0.6926    0.7158    0.3337    0.0386   0.01154         0
    42/199     8.76G    0.0405   0.02238         0   0.06288        36       640    0.7628    0.6959    0.7156    0.3292   0.03869   0.01249         0
    43/199     8.76G   0.04092    0.0223         0   0.06322        43       640    0.7528    0.6441    0.7145     0.325    0.0417   0.01238         0
    44/199     8.76G   0.04108   0.02255         0   0.06363        25       640    0.7457    0.6683    0.7184    0.3237   0.04019   0.01289         0
    45/199     8.76G   0.04025   0.02198         0   0.06223        30       640    0.6842    0.7276    0.6921    0.3136   0.03763    0.0118         0
    46/199     8.76G   0.04027   0.02169         0   0.06196        33       640    0.7799    0.6475    0.7325    0.3433   0.03763    0.0123         0
    47/199     8.76G   0.04011   0.02227         0   0.06238        33       640    0.7142     0.731    0.7506    0.3523   0.03818   0.01201         0
    48/199     8.76G   0.03967   0.02188         0   0.06155        37       640    0.7459    0.6884     0.739    0.3472   0.03628    0.0123         0
    49/199     8.76G   0.03958   0.02186         0   0.06144        38       640    0.6885    0.7185    0.7372    0.3564   0.03872   0.01249         0
    50/199     8.76G    0.0399   0.02216         0   0.06206        27       640     0.737    0.7218     0.747    0.3532   0.03794   0.01166         0
    51/199     8.76G    0.0394   0.02198         0   0.06138        27       640    0.7774    0.6887    0.7547    0.3613   0.03895    0.0123         0
    52/199     8.76G   0.03978   0.02203         0   0.06181        32       640     0.733    0.7084    0.7518    0.3551   0.03609   0.01168         0
    53/199     8.76G   0.04003   0.02211         0   0.06214        41       640    0.7489    0.7225    0.7561    0.3639   0.03715   0.01125         0
    54/199     8.76G   0.03975   0.02191         0   0.06167        28       640    0.7406    0.6942    0.7265     0.363   0.03824   0.01207         0
    55/199     8.76G   0.03883   0.02184         0   0.06067        22       640    0.7785    0.7251    0.7939    0.3865    0.0358   0.01177         0
    56/199     8.76G   0.03954   0.02183         0   0.06137        29       640     0.728    0.7109    0.7243    0.3436   0.03769   0.01178         0
    57/199     8.76G   0.03864   0.02151         0   0.06014        30       640    0.7495    0.7373    0.7738    0.3882    0.0384     0.012         0
    58/199     8.76G   0.03886   0.02196         0   0.06082        40       640    0.8181    0.6952    0.7861    0.3826   0.03627   0.01183         0
    59/199     8.76G   0.03906   0.02138         0   0.06044        31       640    0.7199    0.7623    0.7581    0.3538   0.03637   0.01159         0
    60/199     8.76G   0.03811   0.02108         0   0.05918        34       640    0.7952    0.7265    0.7874    0.4087   0.03567   0.01158         0
    61/199     8.76G   0.03804    0.0213         0   0.05934        27       640    0.7589    0.7652    0.7776    0.3779   0.03581    0.0116         0
    62/199     8.76G   0.03839   0.02187         0   0.06026        30       640    0.7508    0.7937    0.7961    0.4046    0.0356   0.01162         0
    63/199     8.76G   0.03762   0.02067         0    0.0583        32       640    0.8061    0.7201    0.7798    0.3984   0.03562   0.01216         0
    64/199     8.76G   0.03858   0.02178         0   0.06036        41       640    0.8038    0.7325    0.7894    0.3945   0.03564   0.01157         0
    65/199     8.76G   0.03749   0.02081         0    0.0583        39       640    0.7611    0.7661    0.7917    0.4122    0.0365   0.01141         0
    66/199     8.76G   0.03847   0.02158         0   0.06005        35       640    0.7803    0.7168    0.7787    0.3991   0.03641   0.01125         0
    67/199     8.76G   0.03796   0.02146         0   0.05941        24       640    0.7839     0.741    0.7945     0.409   0.03594   0.01142         0
    68/199     8.76G   0.03745   0.02051         0   0.05796        34       640    0.8037    0.7014    0.7771    0.3917   0.03622   0.01151         0
    69/199     8.76G   0.03716   0.02039         0   0.05756        23       640    0.8225    0.7126     0.797    0.4023   0.03488   0.01147         0
    70/199     8.76G    0.0384   0.02106         0   0.05947        26       640    0.7457    0.7435    0.7909     0.396   0.03459   0.01148         0
    71/199     8.76G    0.0381   0.02121         0    0.0593        29       640    0.7557    0.7151    0.7585    0.3879   0.03597   0.01124         0
    72/199     8.76G   0.03787   0.02114         0   0.05901        34       640    0.7889    0.7461    0.7947    0.4152   0.03626   0.01108         0
    73/199     8.76G   0.03668   0.02089         0   0.05756        34       640    0.7937    0.7402    0.8048     0.409    0.0355    0.0114         0
    74/199     8.76G   0.03671   0.02089         0   0.05761        30       640    0.8203    0.7132     0.801    0.4165   0.03566   0.01154         0
    75/199     8.76G   0.03685   0.02091         0   0.05776        27       640    0.7844    0.7659    0.8067    0.4158   0.03533   0.01183         0
    76/199     8.76G   0.03729   0.02082         0   0.05812        29       640    0.7535     0.807    0.8058    0.4181    0.0344   0.01122         0
    77/199     8.76G    0.0363   0.02069         0   0.05699        35       640    0.7772    0.7373    0.8052    0.4336   0.03484   0.01147         0
    78/199     8.76G   0.03728   0.02082         0    0.0581        25       640    0.7743     0.728    0.7902    0.4087   0.03702   0.01205         0
    79/199     8.76G   0.03646   0.02118         0   0.05764        38       640    0.7793    0.7878    0.8135    0.4217   0.03428   0.01188         0
    80/199     8.76G   0.03683   0.02134         0   0.05816        42       640    0.7731    0.7886    0.8034    0.4323   0.03427   0.01118         0
    81/199     8.76G   0.03588   0.02073         0   0.05661        21       640    0.7884    0.7907    0.8106    0.4264    0.0344   0.01124         0
    82/199     8.76G   0.03665   0.02088         0   0.05753        29       640    0.7962    0.7753    0.8189    0.4338   0.03478   0.01098         0
    83/199     8.76G   0.03573   0.02094         0   0.05667        36       640    0.7959    0.7602    0.8105     0.431   0.03457   0.01137         0
    84/199     8.76G   0.03549   0.02029         0   0.05578        25       640    0.7943    0.7484    0.8112    0.4304   0.03459   0.01096         0
    85/199     8.76G   0.03582   0.02091         0   0.05673        34       640    0.7968    0.7467    0.7964    0.4224   0.03482   0.01084         0
    86/199     8.76G   0.03581   0.02116         0   0.05698        23       640    0.7853    0.7549    0.8217    0.4431   0.03397   0.01106         0
    87/199     8.76G   0.03665   0.02083         0   0.05748        30       640    0.8016     0.751     0.823    0.4519    0.0344   0.01108         0
    88/199     8.76G   0.03471   0.02097         0   0.05568        30       640    0.7874    0.7711    0.8192    0.4412    0.0338   0.01115         0
    89/199     8.76G   0.03553   0.02011         0   0.05564        26       640    0.7689     0.756    0.7964    0.4268   0.03416   0.01157         0
    90/199     8.76G   0.03576   0.02091         0   0.05667        27       640    0.7931     0.746    0.7979    0.4331   0.03406   0.01127         0
    91/199     8.76G   0.03552   0.02085         0   0.05636        29       640    0.7722    0.7711    0.7925    0.4183   0.03353   0.01116         0
    92/199     8.76G   0.03593   0.02043         0   0.05636        33       640    0.7604    0.7846    0.8004    0.4296    0.0337   0.01103         0
    93/199     8.76G   0.03541   0.02082         0   0.05623        39       640    0.7791    0.7703    0.8037    0.4335   0.03352   0.01118         0
    94/199     8.76G   0.03589   0.02023         0   0.05612        41       640     0.782    0.7793    0.8161    0.4308   0.03364   0.01104         0
    95/199     8.76G   0.03473   0.02048         0   0.05522        34       640    0.8119    0.7561    0.8194    0.4434   0.03414   0.01106         0
    96/199     8.76G    0.0356    0.0207         0   0.05631        31       640    0.8181    0.7744    0.8252    0.4413   0.03299   0.01057         0
    97/199     8.76G    0.0354   0.02071         0    0.0561        31       640    0.7853    0.7977    0.8223    0.4322   0.03401   0.01104         0
    98/199     8.76G    0.0347   0.01994         0   0.05464        34       640    0.7852    0.7756    0.8105    0.4327   0.03443   0.01148         0
    99/199     8.76G   0.03418   0.01998         0   0.05415        21       640    0.8006    0.7485    0.8045    0.4232   0.03409   0.01108         0
   100/199     8.76G   0.03429   0.02034         0   0.05463        28       640    0.8066    0.7368     0.812    0.4489   0.03368   0.01114         0
   101/199     8.76G   0.03465   0.02026         0   0.05491        26       640    0.7887    0.7987    0.8368    0.4558   0.03526   0.01115         0
   102/199     8.76G   0.03494   0.02032         0   0.05526        35       640    0.7817    0.7845    0.8147    0.4359   0.03388   0.01106         0
   103/199     8.76G   0.03343   0.02044         0   0.05387        32       640    0.7706    0.7803    0.8133    0.4382   0.03429   0.01133         0
   104/199     8.76G   0.03418   0.02013         0   0.05431        26       640    0.8422    0.7586    0.8333    0.4687   0.03408    0.0111         0
   105/199     8.76G   0.03393   0.02004         0   0.05397        33       640     0.811    0.7707    0.8367    0.4616   0.03383   0.01121         0
   106/199     8.76G   0.03442   0.02041         0   0.05483        27       640     0.825    0.7652    0.8341     0.463   0.03343   0.01113         0
   107/199     8.76G   0.03405    0.0202         0   0.05425        30       640    0.7828    0.8087    0.8338    0.4605   0.03327   0.01108         0
   108/199     8.76G   0.03414   0.02011         0   0.05425        36       640    0.8181    0.7711    0.8233    0.4665   0.03398    0.0108         0
   109/199     8.76G   0.03446   0.02019         0   0.05465        26       640    0.8117    0.7811    0.8257    0.4686   0.03375   0.01122         0
   110/199     8.76G   0.03419   0.02014         0   0.05434        29       640    0.8135     0.765    0.8207    0.4632   0.03368   0.01076         0
   111/199     8.76G   0.03361   0.01984         0   0.05345        32       640    0.8025    0.8181    0.8461    0.4698   0.03314   0.01129         0
   112/199     8.76G   0.03377   0.02006         0   0.05383        36       640    0.8276    0.7385    0.8294    0.4668   0.03239   0.01123         0
   113/199     8.76G   0.03373    0.0197         0   0.05343        34       640    0.7914    0.7985     0.835    0.4694   0.03297   0.01082         0
   114/199     8.76G   0.03369   0.01948         0   0.05317        43       640    0.8111    0.7819    0.8353    0.4656   0.03431   0.01114         0
   115/199     8.76G   0.03411   0.01987         0   0.05398        48       640     0.788     0.797    0.8297    0.4679   0.03293   0.01107         0
   116/199     8.76G   0.03315   0.02002         0   0.05317        48       640    0.8247    0.7784    0.8374    0.4754    0.0337   0.01072         0
   117/199     8.76G   0.03266   0.01996         0   0.05262        35       640     0.789    0.8137    0.8292    0.4641   0.03284   0.01131         0
   118/199     8.76G   0.03322   0.01991         0   0.05313        33       640     0.818    0.7925      0.84    0.4742    0.0327   0.01071         0
   119/199     8.76G   0.03319   0.01989         0   0.05308        45       640    0.8054    0.8127    0.8458     0.478    0.0329   0.01055         0
   120/199     8.76G   0.03307   0.01959         0   0.05266        26       640     0.794    0.8179    0.8382    0.4742   0.03254   0.01081         0
   121/199     8.76G   0.03268   0.01949         0   0.05217        40       640     0.781    0.8045    0.8333    0.4706    0.0333   0.01085         0
   122/199     8.76G   0.03284   0.01968         0   0.05251        31       640    0.8188    0.8087    0.8455    0.4806   0.03228   0.01058         0
   123/199     8.76G   0.03329   0.01935         0   0.05264        29       640    0.7827    0.8093    0.8336    0.4671   0.03198    0.0117         0
   124/199     8.76G   0.03235   0.01945         0    0.0518        34       640    0.8162    0.7978    0.8425    0.4759    0.0329   0.01165         0
   125/199     8.76G   0.03289    0.0198         0   0.05268        32       640    0.8305    0.7657     0.833    0.4775   0.03221   0.01073         0
   126/199     8.76G   0.03249   0.01959         0   0.05208        31       640    0.8314    0.7753     0.829     0.464   0.03322   0.01103         0
   127/199     8.76G   0.03234   0.02001         0   0.05234        35       640    0.8035    0.8132    0.8372     0.468   0.03201   0.01139         0
   128/199     8.76G    0.0321   0.01905         0   0.05115        38       640    0.8389    0.7911    0.8472    0.4844   0.03338   0.01136         0
   129/199     8.76G   0.03255   0.01965         0   0.05219        36       640    0.8018    0.8076    0.8359    0.4665   0.03323   0.01082         0
   130/199     8.76G   0.03221   0.01948         0   0.05169        34       640    0.8143    0.8023    0.8378    0.4677   0.03257   0.01163         0
   131/199     8.76G   0.03239   0.01955         0   0.05193        24       640     0.792    0.8195    0.8337    0.4713    0.0327   0.01102         0
   132/199     8.76G   0.03236   0.01918         0   0.05154        52       640    0.8355    0.7723    0.8384    0.4818   0.03354    0.0109         0
   133/199     8.76G   0.03229   0.01939         0   0.05168        43       640    0.8021    0.7925    0.8264    0.4709   0.03281   0.01093         0
   134/199     8.76G   0.03243   0.01969         0   0.05213        28       640    0.8187     0.792    0.8311    0.4753   0.03344   0.01085         0
   135/199     8.76G   0.03216   0.01953         0   0.05169        44       640    0.8303    0.7987    0.8476    0.4827    0.0323   0.01085         0
   136/199     8.76G   0.03206   0.01926         0   0.05132        41       640    0.8339    0.7886    0.8404    0.4808    0.0326   0.01119         0
   137/199     8.76G   0.03194   0.01904         0   0.05098        24       640    0.7819    0.8387    0.8469    0.4832   0.03312   0.01183         0
   138/199     8.76G   0.03148   0.01914         0   0.05062        41       640    0.8049    0.8304    0.8567    0.4892   0.03297   0.01122         0
   139/199     8.76G   0.03141   0.01868         0   0.05009        42       640    0.8027    0.7995    0.8324    0.4655   0.03284   0.01071         0
   140/199     8.76G   0.03167   0.01901         0   0.05067        32       640    0.8426    0.8104    0.8542    0.4855   0.03272   0.01096         0
   141/199     8.76G   0.03207     0.019         0   0.05107        25       640    0.8276    0.8019    0.8464    0.4863   0.03234   0.01063         0
   142/199     8.76G   0.03185   0.01946         0   0.05131        33       640    0.8454     0.797     0.849     0.482   0.03241   0.01074         0
   143/199     8.76G   0.03127   0.01932         0   0.05059        31       640    0.8425    0.7911    0.8407    0.4842   0.03239   0.01147         0
   144/199     8.76G   0.03121   0.01882         0   0.05003        26       640    0.8224     0.817    0.8467    0.4843   0.03259   0.01107         0
   145/199     8.76G   0.03179   0.01959         0   0.05138        38       640    0.8147    0.8262    0.8499     0.491   0.03273   0.01062         0
   146/199     8.76G   0.03103   0.01883         0   0.04986        33       640    0.8316    0.8002    0.8482    0.4819   0.03303   0.01088         0
   147/199     8.76G   0.03118   0.01858         0   0.04976        34       640    0.8152    0.8219    0.8467    0.4841   0.03302   0.01054         0
   148/199     8.76G   0.03076   0.01884         0    0.0496        36       640    0.8282    0.8136    0.8462    0.4893   0.03291   0.01063         0
   149/199     8.76G   0.03069   0.01941         0    0.0501        35       640    0.8216    0.8087    0.8435    0.4885   0.03276   0.01021         0
   150/199     8.76G   0.03161   0.01885         0   0.05047        39       640    0.8175    0.8204    0.8431     0.481   0.03272   0.01045         0
   151/199     8.76G   0.03084   0.01931         0   0.05015        28       640    0.8254     0.807     0.836    0.4772   0.03288   0.01067         0
   152/199     8.76G   0.03115   0.01911         0   0.05026        31       640    0.8137    0.8221    0.8488    0.4864   0.03314   0.01076         0
   153/199     8.76G   0.03023   0.01898         0   0.04921        32       640    0.8373    0.8012    0.8415    0.4729    0.0334   0.01052         0
   154/199     8.76G   0.03062   0.01853         0   0.04915        26       640    0.8356    0.8195    0.8508    0.4895   0.03318   0.01061         0
   155/199     8.76G   0.03062   0.01932         0   0.04994        36       640    0.8367    0.8062    0.8388    0.4827   0.03251   0.01048         0
   156/199     8.76G   0.03039   0.01863         0   0.04902        25       640    0.8521    0.8087     0.846     0.493   0.03256   0.01067         0
   157/199     8.76G   0.03074    0.0189         0   0.04964        30       640    0.8313    0.8153    0.8447    0.4894   0.03307   0.01063         0
   158/199     8.76G   0.03125   0.01902         0   0.05027        49       640    0.8357     0.812     0.851    0.4942   0.03295   0.01055         0
   159/199     8.76G   0.03012   0.01873         0   0.04884        35       640    0.8184     0.817    0.8408    0.4854   0.03339   0.01044         0
   160/199     8.76G   0.02973   0.01856         0   0.04829        46       640    0.8207    0.8262    0.8506    0.4873   0.03323    0.0105         0
   161/199     8.76G   0.03021   0.01869         0    0.0489        39       640    0.8484    0.8043    0.8434    0.4757   0.03284   0.01031         0
   162/199     8.76G   0.03038     0.019         0   0.04939        26       640    0.8161    0.8195     0.845    0.4899   0.03254   0.01083         0
   163/199     8.76G    0.0303   0.01828         0   0.04858        27       640    0.8274     0.812    0.8484    0.4884   0.03228   0.01086         0
   164/199     8.76G   0.02974   0.01868         0   0.04842        38       640    0.8467    0.8028    0.8461    0.4848   0.03263   0.01087         0
   165/199     8.76G   0.02936   0.01799         0   0.04735        29       640    0.8167    0.8228    0.8489    0.4899     0.033   0.01112         0
   166/199     8.76G   0.02975   0.01815         0    0.0479        34       640    0.8085    0.8429    0.8475    0.4878   0.03315   0.01126         0
   167/199     8.76G   0.03024   0.01859         0   0.04883        22       640    0.8203    0.8311    0.8455    0.4885   0.03273   0.01101         0
   168/199     8.76G   0.02973   0.01895         0   0.04867        31       640    0.8319    0.8187    0.8428     0.485   0.03321     0.011         0
   169/199     8.76G   0.02958   0.01878         0   0.04836        26       640    0.8162    0.8387    0.8488    0.4901   0.03342    0.0111         0
   170/199     8.76G   0.03057   0.01877         0   0.04935        43       640    0.8354    0.8181    0.8448     0.484   0.03324    0.0109         0
   171/199     8.76G    0.0294   0.01884         0   0.04824        34       640    0.8427     0.802     0.842    0.4853   0.03308    0.0107         0
   172/199     8.76G   0.02985   0.01891         0   0.04876        34       640    0.8454    0.8088    0.8419    0.4872   0.03307   0.01051         0
   173/199     8.76G   0.02962   0.01838         0     0.048        37       640    0.8306    0.8112    0.8341      0.47   0.03359   0.01055         0
   174/199     8.76G   0.02977   0.01858         0   0.04835        34       640    0.8231    0.8317    0.8354    0.4761   0.03342   0.01056         0
   175/199     8.76G   0.02888   0.01843         0   0.04731        28       640     0.831    0.8262    0.8358    0.4738   0.03341   0.01047         0
   176/199     8.76G   0.02946   0.01827         0   0.04772        31       640    0.8199    0.8369    0.8409      0.48   0.03335   0.01052         0
   177/199     8.76G   0.03008   0.01866         0   0.04874        40       640    0.8268    0.8262    0.8474    0.4854   0.03335   0.01068         0
   178/199     8.76G   0.02931   0.01839         0    0.0477        30       640    0.8223    0.8162    0.8412    0.4864   0.03355   0.01057         0
   179/199     8.76G   0.02943   0.01856         0   0.04799        27       640    0.8116    0.8212    0.8431    0.4897   0.03339   0.01067         0
   180/199     8.76G   0.02928   0.01808         0   0.04736        33       640    0.8116    0.8314    0.8438    0.4879   0.03369   0.01072         0
   181/199     8.76G      0.03   0.01829         0   0.04829        33       640    0.8392    0.8154    0.8457    0.4922    0.0337   0.01076         0
   182/199     8.76G   0.02917   0.01832         0   0.04749        26       640    0.8353    0.8162    0.8518    0.4955   0.03363   0.01074         0
   183/199     8.76G   0.02883   0.01867         0   0.04749        27       640    0.8521     0.818    0.8478    0.4932   0.03343   0.01082         0
   184/199     8.76G    0.0294   0.01817         0   0.04757        17       640    0.8446    0.8095    0.8416    0.4914   0.03322   0.01083         0
   185/199     8.76G   0.02925   0.01864         0   0.04788        38       640    0.8462    0.8145    0.8452    0.4988   0.03303   0.01117         0
   186/199     8.76G   0.02952   0.01843         0   0.04796        24       640    0.8359    0.8179    0.8413    0.4922   0.03331    0.0113         0
   187/199     8.76G   0.02902   0.01869         0   0.04771        35       640    0.8245    0.8221     0.844    0.4931   0.03335   0.01126         0
   188/199     8.76G   0.02878   0.01845         0   0.04723        39       640    0.8267    0.8221    0.8449    0.4929   0.03315   0.01131         0
   189/199     8.76G   0.02876   0.01825         0   0.04702        40       640    0.8354    0.8162    0.8438    0.4935   0.03298   0.01108         0
   190/199     8.76G   0.02881   0.01831         0   0.04712        38       640    0.8221    0.8162    0.8388    0.4878   0.03321    0.0112         0
   191/199     8.76G   0.02834   0.01814         0   0.04648        37       640    0.8116    0.8244     0.843    0.4862   0.03289   0.01142         0
   192/199     8.76G   0.02822   0.01812         0   0.04634        33       640     0.824    0.8176    0.8426    0.4845   0.03282   0.01145         0
   193/199     8.76G   0.02832   0.01769         0   0.04601        32       640    0.8181    0.8153    0.8367    0.4852   0.03274   0.01148         0
   194/199     8.76G   0.02895    0.0181         0   0.04705        27       640    0.8034    0.8329    0.8376    0.4827   0.03254   0.01112         0
   195/199     8.76G   0.02876   0.01796         0   0.04672        30       640    0.8117    0.8229     0.838    0.4841   0.03253   0.01126         0
   196/199     8.76G    0.0287   0.01826         0   0.04695        22       640    0.8157    0.8104    0.8319    0.4819   0.03274   0.01141         0
   197/199     8.76G   0.02879   0.01846         0   0.04726        39       640    0.8274     0.801    0.8331    0.4823   0.03284   0.01147         0
   198/199     8.76G    0.0286   0.01826         0   0.04686        24       640    0.8167    0.8195    0.8393    0.4867   0.03285   0.01144         0
   199/199     8.76G   0.02835   0.01782         0   0.04617        27       640    0.8352    0.8128    0.8417    0.4884   0.03283   0.01129         0
