     0/199     6.46G   0.09469   0.02784         0    0.1225        32       640   0.02379   0.02339  0.005809 0.0007704   0.07982   0.01566         0
     1/199     7.62G   0.07876    0.0293         0    0.1081        38       640    0.1316    0.1337   0.04558  0.007542   0.06765   0.01588         0
     2/199     7.62G   0.06812   0.03078         0    0.0989        32       640    0.1379    0.3634   0.09161   0.01734   0.06304   0.01826         0
     3/199     7.62G   0.06098   0.02986         0   0.09083        39       640    0.3279    0.3626    0.2395   0.07411   0.05665   0.01757         0
     4/199     7.62G   0.05512   0.02808         0    0.0832        22       640    0.3883    0.5186    0.3562    0.1177   0.05097   0.01584         0
     5/199     7.62G   0.05351   0.02563         0   0.07914        30       640    0.5767     0.477    0.4874    0.1631   0.05066   0.01448         0
     6/199     7.62G   0.05305   0.02585         0    0.0789        29       640    0.5169     0.553    0.4957    0.1724   0.04555   0.01434         0
     7/199     7.62G   0.05021   0.02566         0   0.07586        35       640    0.3835    0.4261    0.3269     0.103   0.04821   0.01549         0
     8/199     7.62G   0.05004   0.02519         0   0.07524        36       640    0.6401     0.482    0.4667    0.1753   0.06232   0.01294         0
     9/199     7.62G   0.04959   0.02477         0   0.07436        35       640    0.3165    0.4921    0.2723   0.09277   0.04947   0.01429         0
    10/199     7.62G   0.04961   0.02433         0   0.07394        24       640    0.5667    0.5405    0.5005    0.1798   0.05046   0.01464         0
    11/199     7.62G   0.04871   0.02555         0   0.07426        28       640    0.5461    0.5439    0.4831    0.1717   0.05426   0.01475         0
    12/199     7.62G   0.04778   0.02383         0   0.07161        24       640    0.6088    0.5622    0.5515    0.1941   0.04705    0.0142         0
    13/199     7.62G   0.04696   0.02441         0   0.07137        24       640    0.7141     0.533     0.586     0.224   0.05056   0.01437         0
    14/199     7.62G   0.04563    0.0243         0   0.06993        31       640    0.6071    0.5176    0.5182    0.1935   0.05497   0.01465         0
    15/199     7.62G   0.04534   0.02319         0   0.06853        31       640    0.4657    0.6399    0.4479    0.1649   0.04506   0.01353         0
    16/199     7.62G   0.04459   0.02345         0   0.06804        28       640    0.7075    0.5697    0.6189    0.2443   0.04435   0.01433         0
    17/199     7.62G   0.04383   0.02381         0   0.06764        30       640    0.6559    0.6675    0.6535     0.269   0.03917   0.01268         0
    18/199     7.62G   0.04411   0.02367         0   0.06777        37       640    0.6424    0.6423    0.6298    0.2517   0.04062   0.01276         0
    19/199     7.62G   0.04288   0.02352         0   0.06641        28       640    0.6969    0.6257    0.6629    0.2677   0.04015   0.01317         0
    20/199     7.62G   0.04177   0.02279         0   0.06456        33       640    0.6479    0.6642    0.6413    0.2323   0.04121   0.01274         0
    21/199     7.62G   0.04256    0.0229         0   0.06546        29       640     0.703     0.665    0.6919    0.2888   0.04057   0.01255         0
    22/199     7.62G   0.04192    0.0227         0   0.06462        43       640    0.7248    0.6755    0.6827    0.2985   0.03922   0.01252         0
    23/199     7.62G   0.04062   0.02262         0   0.06324        25       640    0.6406     0.675    0.6646    0.2883   0.03921   0.01236         0
    24/199     7.62G   0.04145   0.02285         0    0.0643        35       640    0.7163    0.6692    0.7174    0.3122    0.0416   0.01295         0
    25/199     7.62G     0.042   0.02292         0   0.06492        39       640    0.6608    0.6675    0.6791    0.3025   0.04063   0.01211         0
    26/199     7.62G   0.04103   0.02252         0   0.06355        29       640    0.7555     0.599    0.6457    0.2705   0.04676   0.01416         0
    27/199     7.62G   0.04068   0.02257         0   0.06324        27       640    0.7187    0.6574    0.6754    0.3007    0.0396   0.01329         0
    28/199     7.62G   0.03971    0.0224         0   0.06211        30       640    0.7532    0.7093    0.7355    0.3332     0.037   0.01253         0
    29/199     7.62G   0.03996   0.02238         0   0.06234        30       640    0.6991    0.7201    0.6713    0.3001   0.03754   0.01228         0
    30/199     7.62G   0.03976   0.02289         0   0.06265        27       640    0.7469    0.6115    0.6382    0.2709   0.04103   0.01384         0
    31/199     7.62G   0.03987   0.02223         0    0.0621        40       640    0.7178    0.7235    0.7264    0.3367   0.03629   0.01217         0
    32/199     7.62G   0.03985   0.02173         0   0.06158        33       640    0.6907    0.7176    0.6879    0.3041   0.03782   0.01158         0
    33/199     7.62G   0.03911   0.02236         0   0.06147        28       640    0.7587    0.7225    0.7168    0.3287   0.03743   0.01209         0
    34/199     7.62G   0.03907   0.02204         0   0.06112        45       640    0.7721    0.7126    0.7324    0.3368   0.03641   0.01251         0
    35/199     7.62G   0.03962    0.0225         0   0.06212        38       640     0.681    0.7117     0.682    0.3081   0.03788   0.01161         0
    36/199     7.62G   0.03968    0.0222         0   0.06188        37       640    0.7478    0.7318     0.739    0.3485   0.03669   0.01219         0
    37/199     7.62G   0.03884   0.02175         0   0.06059        35       640    0.6734    0.7268    0.6691    0.2965   0.03803   0.01184         0
    38/199     7.62G   0.03929   0.02146         0   0.06076        31       640     0.716    0.7068    0.7114    0.3235   0.03844   0.01231         0
    39/199     7.62G   0.03834   0.02156         0    0.0599        54       640    0.7664    0.7001    0.7269     0.327   0.03704    0.0124         0
    40/199     7.62G   0.03904   0.02184         0   0.06088        28       640    0.7258    0.7651    0.7647    0.3649   0.03786   0.01154         0
    41/199     7.62G   0.03731   0.02108         0    0.0584        34       640    0.7632    0.7118    0.7296    0.3305   0.03728   0.01223         0
    42/199     7.62G   0.03733   0.02134         0   0.05867        26       640     0.734    0.7608    0.7748    0.3566    0.0375   0.01165         0
    43/199     7.62G   0.03753   0.02171         0   0.05924        36       640    0.7468    0.7519    0.7727    0.3523   0.03668   0.01204         0
    44/199     7.62G   0.03809   0.02203         0   0.06012        35       640    0.7927    0.7068    0.7592     0.362   0.03675   0.01159         0
    45/199     7.62G   0.03749   0.02174         0   0.05923        36       640    0.7916    0.7138    0.7663    0.3658   0.03625   0.01179         0
    46/199     7.62G   0.03713   0.02159         0   0.05872        47       640    0.7609    0.6926    0.7377    0.3393   0.03681   0.01197         0
    47/199     7.62G    0.0379   0.02122         0   0.05912        36       640    0.7667    0.7798     0.812    0.3963   0.03643   0.01192         0
    48/199     7.62G   0.03755   0.02136         0   0.05891        46       640    0.7115    0.7335    0.7472    0.3372   0.03814   0.01191         0
    49/199     7.62G   0.03781   0.02181         0   0.05961        29       640    0.7129    0.7343    0.7168    0.3137   0.03832   0.01252         0
    50/199     7.62G    0.0372   0.02163         0   0.05883        34       640    0.7534      0.74    0.7504     0.364   0.03586   0.01193         0
    51/199     7.62G   0.03729   0.02171         0     0.059        32       640    0.7625    0.7352    0.7573    0.3532   0.03581   0.01179         0
    52/199     7.62G   0.03686    0.0207         0   0.05755        31       640    0.7737    0.6984    0.7312    0.3608   0.03945   0.01287         0
    53/199     7.62G   0.03656    0.0212         0   0.05776        42       640    0.7621    0.7978    0.7922    0.3874   0.03408   0.01162         0
    54/199     7.62G   0.03672   0.02101         0   0.05774        35       640    0.7501    0.7452    0.7632    0.3811   0.03635   0.01159         0
    55/199     7.62G   0.03682   0.02098         0    0.0578        24       640    0.8086    0.7166    0.7903    0.3861   0.03485   0.01138         0
    56/199     7.62G   0.03654   0.02135         0    0.0579        36       640    0.7938    0.7652    0.7866    0.3843   0.03405   0.01128         0
    57/199     7.62G   0.03657   0.02076         0   0.05733        27       640      0.77    0.7744    0.7891    0.3911   0.03445   0.01149         0
    58/199     7.62G   0.03615   0.02085         0   0.05701        27       640    0.8066    0.7667    0.8175     0.413   0.03383   0.01152         0
    59/199     7.62G   0.03539   0.02116         0   0.05655        29       640    0.7572    0.7685    0.7695    0.3817   0.03372   0.01168         0
    60/199     7.62G   0.03568   0.02129         0   0.05697        33       640    0.8139    0.7611    0.8069    0.4224   0.03433   0.01137         0
    61/199     7.62G   0.03552   0.02079         0    0.0563        34       640      0.69     0.822    0.7537    0.3686   0.03418   0.01152         0
    62/199     7.62G   0.03494   0.02082         0   0.05577        37       640    0.7938    0.7526    0.8005    0.4067   0.03374   0.01147         0
    63/199     7.62G   0.03595   0.02118         0   0.05713        23       640    0.8115    0.7375    0.7996    0.4079   0.03435   0.01273         0
    64/199     7.62G   0.03577   0.02049         0   0.05626        40       640    0.7789    0.7803    0.7768    0.3849    0.0351   0.01153         0
    65/199     7.62G   0.03489   0.01998         0   0.05487        25       640    0.8264    0.7243    0.7962    0.3912   0.03579   0.01169         0
    66/199     7.62G   0.03591   0.02067         0   0.05658        34       640    0.8114    0.7476     0.793    0.4011   0.03476   0.01177         0
    67/199     7.62G   0.03547   0.02046         0   0.05593        34       640    0.7894    0.7733    0.7967    0.3958   0.03485   0.01158         0
    68/199     7.62G    0.0356    0.0212         0    0.0568        46       640    0.7918    0.7527    0.7842    0.3938   0.03539   0.01168         0
    69/199     7.62G   0.03503   0.02051         0   0.05553        40       640    0.8115    0.7527    0.8077    0.4023   0.03401   0.01176         0
    70/199     7.62G   0.03508   0.02078         0   0.05586        31       640     0.795    0.7886    0.8306    0.4262    0.0331    0.0114         0
    71/199     7.62G   0.03511   0.02061         0   0.05572        33       640    0.7751    0.8003     0.796     0.404   0.03418   0.01139         0
    72/199     7.62G   0.03523    0.0204         0   0.05563        32       640    0.7551    0.7575    0.7626    0.3797   0.03408   0.01196         0
    73/199     7.62G   0.03478   0.02057         0   0.05535        33       640    0.7457     0.806    0.7774    0.4018   0.03367   0.01207         0
    74/199     7.62G   0.03432   0.02042         0   0.05475        30       640    0.7948    0.7753    0.7975    0.4167   0.03414   0.01111         0
    75/199     7.62G   0.03496   0.02113         0   0.05609        32       640    0.8181    0.7644    0.8219    0.4243    0.0332   0.01109         0
    76/199     7.62G   0.03496   0.02097         0   0.05593        49       640    0.8062    0.7647    0.8048    0.4141   0.03503   0.01145         0
    77/199     7.62G   0.03505   0.02076         0   0.05581        39       640    0.7853    0.7792    0.8042    0.4171   0.03346   0.01143         0
    78/199     7.62G   0.03456   0.02029         0   0.05485        24       640    0.8185    0.7759    0.8184    0.4313   0.03352   0.01104         0
    79/199     7.62G   0.03371   0.02039         0    0.0541        28       640    0.7946    0.7995    0.8229    0.4262   0.03309   0.01142         0
    80/199     7.62G    0.0338   0.01992         0   0.05373        36       640    0.8176     0.794    0.8383    0.4386   0.03344   0.01134         0
    81/199     7.62G   0.03358    0.0206         0   0.05418        40       640    0.8126    0.7786    0.7938    0.4191   0.03333   0.01147         0
    82/199     7.62G   0.03369   0.02045         0   0.05415        35       640    0.8198    0.7719    0.8116    0.4363   0.03353   0.01125         0
    83/199     7.62G   0.03418   0.02027         0   0.05445        31       640    0.7721     0.817    0.8388    0.4522   0.03347    0.0112         0
    84/199     7.62G   0.03352   0.02006         0   0.05358        28       640    0.8129    0.7853    0.8131    0.4261     0.034   0.01122         0
    85/199     7.62G   0.03346    0.0204         0   0.05386        46       640    0.7959    0.7728    0.8161    0.4292   0.03261   0.01163         0
    86/199     7.62G   0.03388   0.02036         0   0.05424        30       640    0.7899    0.8037      0.81    0.4249   0.03353   0.01146         0
    87/199     7.62G   0.03311   0.02018         0   0.05328        26       640    0.8174    0.7856    0.8238    0.4392   0.03427   0.01091         0
    88/199     7.62G   0.03383   0.01982         0   0.05365        30       640    0.8267    0.7692    0.8132    0.4123   0.03425   0.01117         0
    89/199     7.62G   0.03285   0.02039         0   0.05324        36       640    0.7895    0.7992    0.8107    0.4371   0.03323   0.01089         0
    90/199     7.62G   0.03322   0.01978         0   0.05301        42       640     0.791    0.8094    0.8305    0.4386   0.03374   0.01083         0
    91/199     7.62G   0.03295   0.02002         0   0.05297        42       640    0.8048     0.775    0.7864    0.4148   0.03401   0.01052         0
    92/199     7.62G   0.03283   0.02045         0   0.05328        33       640    0.7894    0.8048    0.8091    0.4279   0.03355   0.01136         0
    93/199     7.62G   0.03246   0.01984         0    0.0523        32       640    0.7815    0.8129    0.8065    0.4312    0.0336   0.01118         0
    94/199     7.62G   0.03329   0.01975         0   0.05304        28       640    0.7894    0.8037    0.8168    0.4357   0.03325   0.01131         0
    95/199     7.62G   0.03308   0.02077         0   0.05385        40       640    0.8143    0.7903    0.8192    0.4334   0.03293   0.01109         0
    96/199     7.62G    0.0323   0.01973         0   0.05203        38       640    0.8066    0.8012    0.8128    0.4334   0.03381   0.01074         0
    97/199     7.62G   0.03247   0.01977         0   0.05223        24       640    0.8175    0.8044    0.8362    0.4624   0.03249   0.01039         0
    98/199     7.62G   0.03191   0.01934         0   0.05125        23       640     0.813    0.8134     0.842    0.4501   0.03379   0.01151         0
    99/199     7.62G   0.03241   0.02001         0   0.05242        26       640    0.7912    0.8012    0.8015    0.4268   0.03324   0.01071         0
   100/199     7.62G   0.03191   0.01942         0   0.05133        27       640    0.7985    0.8142    0.8132     0.438    0.0333   0.01117         0
   101/199     7.62G   0.03282   0.01972         0   0.05254        31       640    0.7873    0.8321    0.8184    0.4371   0.03354   0.01059         0
   102/199     7.62G   0.03192   0.01991         0   0.05182        38       640    0.8235    0.7953    0.8404    0.4591   0.03363   0.01086         0
   103/199     7.62G   0.03166    0.0193         0   0.05096        28       640     0.805    0.7793    0.8042    0.4173   0.03316   0.01078         0
   104/199     7.62G   0.03197   0.01942         0    0.0514        37       640     0.809    0.8179    0.8367    0.4534   0.03283   0.01092         0
   105/199     7.62G   0.03234   0.01984         0   0.05218        30       640    0.8238    0.7861    0.8123    0.4489   0.03342   0.01092         0
   106/199     7.62G   0.03164   0.01936         0     0.051        30       640    0.8147     0.797    0.8256    0.4546   0.03341   0.01088         0
   107/199     7.62G   0.03143    0.0196         0   0.05104        32       640    0.8209    0.7852    0.8256    0.4461   0.03316   0.01137         0
   108/199     7.62G   0.03222   0.01975         0   0.05197        48       640    0.8015    0.8128    0.8292    0.4571   0.03365   0.01108         0
   109/199     7.62G   0.03208   0.01976         0   0.05184        35       640    0.8212    0.8037    0.8234    0.4536   0.03238   0.01128         0
   110/199     7.62G   0.03132   0.01926         0   0.05058        25       640    0.8089    0.8168    0.8313    0.4615   0.03361   0.01078         0
   111/199     7.62G    0.0325   0.01921         0   0.05171        31       640    0.7842    0.8195     0.823    0.4503   0.03388    0.0104         0
   112/199     7.62G   0.03091   0.01968         0   0.05058        39       640    0.7919    0.8404    0.8344    0.4619     0.033   0.01101         0
   113/199     7.62G   0.03061   0.01916         0   0.04977        29       640    0.8213    0.8237    0.8249    0.4514   0.03272   0.01059         0
   114/199     7.62G   0.03085   0.01958         0   0.05043        31       640    0.8289    0.8299     0.835    0.4506   0.03301   0.01093         0
   115/199     7.62G   0.03187   0.01964         0   0.05151        37       640    0.8089    0.8311    0.8261     0.455    0.0327   0.01054         0
   116/199     7.62G   0.03146   0.01958         0   0.05104        37       640    0.8279    0.7995    0.8396    0.4676    0.0338   0.01097         0
   117/199     7.62G   0.03054   0.01899         0   0.04953        39       640    0.8313    0.7944    0.8383    0.4628   0.03262   0.01092         0
   118/199     7.62G   0.03073   0.01904         0   0.04977        36       640    0.7841    0.8436    0.8278    0.4547   0.03271   0.01092         0
   119/199     7.62G   0.03087   0.01892         0   0.04979        33       640    0.7773    0.8367    0.8245    0.4623   0.03296   0.01102         0
   120/199     7.62G   0.03114   0.01906         0   0.05021        40       640    0.8171    0.7995    0.8215    0.4585   0.03349   0.01074         0
   121/199     7.62G   0.03031   0.01951         0   0.04982        41       640    0.8268    0.7995    0.8327    0.4643   0.03265   0.01098         0
   122/199     7.62G   0.03052   0.01927         0   0.04979        43       640    0.8078    0.8221    0.8282     0.456   0.03218   0.01081         0
   123/199     7.62G   0.03029   0.01886         0   0.04914        36       640    0.8296     0.802    0.8366    0.4736   0.03229   0.01077         0
   124/199     7.62G   0.03065   0.01872         0   0.04937        31       640    0.8358    0.7995    0.8349    0.4643    0.0326   0.01064         0
   125/199     7.62G   0.03125   0.01942         0   0.05067        29       640    0.7969    0.8099    0.8182    0.4525   0.03275   0.01094         0
   126/199     7.62G   0.03073   0.01928         0   0.05001        36       640    0.8172    0.8112    0.8427    0.4751   0.03267     0.011         0
   127/199     7.62G   0.03038   0.01899         0   0.04937        37       640    0.8423    0.8137    0.8451    0.4716   0.03343   0.01123         0
   128/199     7.62G   0.03057   0.01913         0    0.0497        32       640     0.832    0.8204     0.844    0.4652   0.03361   0.01088         0
   129/199     7.62G   0.03019   0.01897         0   0.04915        29       640    0.8376    0.8184    0.8534    0.4804   0.03278   0.01096         0
   130/199     7.62G   0.03018   0.01848         0   0.04866        28       640    0.8272    0.8287    0.8548    0.4731   0.03264   0.01081         0
   131/199     7.62G   0.02983   0.01878         0   0.04862        28       640    0.8153    0.8413    0.8494    0.4742   0.03236   0.01084         0
   132/199     7.62G   0.03043   0.01895         0   0.04939        27       640    0.8164    0.8321    0.8453    0.4736    0.0327   0.01068         0
   133/199     7.62G   0.03006     0.019         0   0.04907        38       640    0.8614    0.7845    0.8392    0.4672    0.0326   0.01112         0
   134/199     7.62G   0.02939    0.0187         0   0.04809        47       640    0.8381    0.8195    0.8474     0.474   0.03267    0.0107         0
   135/199     7.62G   0.02979   0.01916         0   0.04895        38       640    0.8292    0.8204    0.8355    0.4593   0.03239   0.01071         0
   136/199     7.62G   0.02963   0.01911         0   0.04873        35       640    0.8346    0.8187    0.8365    0.4688   0.03296   0.01066         0
   137/199     7.62G   0.02934    0.0187         0   0.04804        29       640    0.8375    0.8093    0.8397    0.4735   0.03215   0.01057         0
   138/199     7.62G   0.02966   0.01866         0   0.04832        25       640    0.8331    0.8237    0.8326    0.4653   0.03244   0.01061         0
   139/199     7.62G   0.02999   0.01865         0   0.04863        35       640    0.8321    0.8079    0.8335    0.4709   0.03213   0.01064         0
   140/199     7.62G   0.02983   0.01882         0   0.04866        36       640    0.8119    0.8329    0.8334     0.466   0.03215   0.01077         0
   141/199     7.62G   0.02973   0.01924         0   0.04897        45       640    0.8247    0.8294    0.8438    0.4775   0.03226   0.01094         0
   142/199     7.62G    0.0293    0.0184         0    0.0477        24       640    0.8258    0.8363    0.8434     0.469     0.032    0.0108         0
   143/199     7.62G    0.0291   0.01867         0   0.04777        28       640    0.8113    0.8421    0.8343    0.4703   0.03198    0.0105         0
   144/199     7.62G   0.02928   0.01839         0   0.04767        36       640    0.8291    0.8312     0.836    0.4731   0.03207   0.01051         0
   145/199     7.62G   0.02901   0.01853         0   0.04754        31       640    0.8238    0.8254    0.8397    0.4724   0.03243   0.01049         0
   146/199     7.62G   0.02938    0.0184         0   0.04778        31       640    0.8212    0.8367    0.8344    0.4692   0.03287   0.01061         0
   147/199     7.62G   0.02896   0.01862         0   0.04758        23       640     0.848     0.812    0.8432    0.4813   0.03264   0.01045         0
   148/199     7.62G   0.02868   0.01837         0   0.04706        29       640    0.8481    0.8026    0.8461    0.4857   0.03237   0.01036         0
   149/199     7.62G   0.02877   0.01841         0   0.04718        27       640     0.833    0.8169    0.8409    0.4777   0.03261   0.01039         0
   150/199     7.62G   0.02854   0.01852         0   0.04706        39       640    0.8109    0.8388    0.8386    0.4815    0.0326   0.01108         0
   151/199     7.62G   0.02898   0.01862         0    0.0476        66       640    0.8257    0.8296     0.842    0.4749   0.03244   0.01091         0
   152/199     7.62G   0.02863   0.01876         0   0.04739        40       640    0.8241    0.8304    0.8413    0.4693   0.03251   0.01063         0
   153/199     7.62G   0.02886   0.01804         0    0.0469        24       640    0.8394    0.8137    0.8361    0.4769   0.03358   0.01093         0
   154/199     7.62G   0.02819   0.01822         0   0.04641        49       640    0.8244    0.8338    0.8443    0.4782   0.03341   0.01066         0
   155/199     7.62G   0.02842   0.01863         0   0.04705        31       640    0.8518    0.8129    0.8444    0.4759   0.03348   0.01111         0
   156/199     7.62G    0.0279   0.01768         0   0.04558        29       640    0.8417    0.8271    0.8446    0.4773   0.03381   0.01097         0
   157/199     7.62G   0.02879   0.01842         0   0.04721        30       640    0.8259    0.8244    0.8385    0.4774    0.0335     0.011         0
   158/199     7.62G   0.02787    0.0181         0   0.04597        38       640    0.8395    0.8179    0.8379    0.4716   0.03291   0.01075         0
   159/199     7.62G   0.02774    0.0182         0   0.04594        35       640    0.8451    0.8202    0.8265     0.464    0.0334    0.0108         0
   160/199     7.62G   0.02788   0.01798         0   0.04586        29       640    0.8335    0.8195    0.8355    0.4769   0.03305   0.01082         0
   161/199     7.62G   0.02849    0.0183         0   0.04679        34       640    0.8415    0.8203    0.8442    0.4817   0.03263   0.01069         0
   162/199     7.62G   0.02776   0.01797         0   0.04573        16       640    0.8423    0.8212    0.8411    0.4791    0.0328   0.01084         0
   163/199     7.62G   0.02826    0.0183         0   0.04656        33       640    0.8312    0.8279    0.8352    0.4707   0.03329   0.01059         0
   164/199     7.62G   0.02776   0.01842         0   0.04618        42       640    0.8349    0.8278    0.8339    0.4771    0.0328   0.01078         0
   165/199     7.62G   0.02785   0.01798         0   0.04584        44       640    0.8208    0.8388    0.8339    0.4742   0.03309   0.01073         0
   166/199     7.62G   0.02844   0.01795         0   0.04639        30       640    0.8325    0.8229    0.8335    0.4749   0.03277   0.01076         0
   167/199     7.62G   0.02808   0.01802         0   0.04609        29       640    0.8341    0.8321    0.8341    0.4756   0.03252   0.01087         0
   168/199     7.62G    0.0277   0.01838         0   0.04609        31       640    0.8597    0.8053    0.8391    0.4798   0.03263    0.0107         0
   169/199     7.62G   0.02732    0.0179         0   0.04522        39       640    0.8111    0.8546    0.8456    0.4848   0.03303   0.01087         0
   170/199     7.62G   0.02734   0.01818         0   0.04552        34       640    0.8356    0.8287    0.8439    0.4866   0.03304   0.01066         0
   171/199     7.62G   0.02738   0.01818         0   0.04556        28       640    0.8256    0.8344    0.8413    0.4814   0.03296   0.01096         0
   172/199     7.62G   0.02731   0.01799         0    0.0453        22       640    0.8366    0.8287    0.8425    0.4841   0.03306   0.01149         0
   173/199     7.62G   0.02823   0.01778         0   0.04601        34       640     0.815    0.8427    0.8342     0.478   0.03258   0.01125         0
   174/199     7.62G   0.02733   0.01809         0   0.04542        41       640    0.8368    0.8237    0.8394    0.4863   0.03251   0.01121         0
   175/199     7.62G   0.02708   0.01759         0   0.04466        38       640    0.8287    0.8325    0.8312    0.4806   0.03279   0.01135         0
   176/199     7.62G   0.02704   0.01757         0   0.04461        36       640    0.8251    0.8463    0.8327    0.4784   0.03278   0.01102         0
   177/199     7.62G   0.02759    0.0179         0    0.0455        30       640    0.8393    0.8202    0.8325    0.4765   0.03252   0.01073         0
   178/199     7.62G   0.02769   0.01772         0    0.0454        30       640    0.8248    0.8262    0.8298    0.4806   0.03263   0.01117         0
   179/199     7.62G   0.02725    0.0176         0   0.04485        23       640    0.8479     0.806    0.8287     0.478   0.03308   0.01156         0
   180/199     7.62G    0.0266   0.01805         0   0.04466        31       640    0.8345    0.8137    0.8289    0.4752   0.03259   0.01136         0
   181/199     7.62G   0.02704   0.01781         0   0.04485        26       640    0.8286    0.8212    0.8261    0.4655   0.03256   0.01127         0
   182/199     7.62G    0.0265   0.01789         0   0.04439        21       640    0.8299    0.8195    0.8205    0.4682   0.03249   0.01118         0
   183/199     7.62G   0.02731   0.01753         0   0.04484        27       640    0.8235    0.8304    0.8216    0.4711   0.03252   0.01084         0
   184/199     7.62G   0.02642   0.01731         0   0.04374        26       640    0.8322    0.8254      0.83    0.4779   0.03247   0.01103         0
   185/199     7.62G   0.02691   0.01749         0   0.04441        29       640    0.8285    0.8262    0.8246    0.4755   0.03217    0.0109         0
   186/199     7.62G   0.02723   0.01763         0   0.04486        34       640     0.813    0.8461    0.8252    0.4766   0.03233   0.01093         0
   187/199     7.62G   0.02692   0.01734         0   0.04426        31       640    0.8279    0.8404    0.8353     0.475   0.03241   0.01097         0
   188/199     7.62G   0.02716   0.01809         0   0.04525        39       640    0.8334    0.8195    0.8223    0.4669    0.0324   0.01074         0
   189/199     7.62G   0.02681   0.01732         0   0.04413        30       640     0.826    0.8429    0.8306    0.4763   0.03226    0.0108         0
   190/199     7.62G   0.02672   0.01727         0   0.04399        22       640    0.8397    0.8186    0.8303     0.478   0.03264   0.01096         0
   191/199     7.62G   0.02666   0.01742         0   0.04408        27       640    0.8159    0.8366    0.8276    0.4777   0.03275   0.01091         0
   192/199     7.62G   0.02618   0.01742         0   0.04361        42       640    0.8211    0.8329    0.8236    0.4715   0.03296   0.01089         0
   193/199     7.62G    0.0265   0.01706         0   0.04355        27       640    0.8105    0.8338    0.8233    0.4684    0.0331    0.0109         0
   194/199     7.62G   0.02685   0.01764         0   0.04448        27       640    0.8126    0.8354    0.8173    0.4689   0.03289   0.01097         0
   195/199     7.62G   0.02608   0.01748         0   0.04356        23       640    0.8259    0.8287    0.8229    0.4701   0.03262   0.01101         0
   196/199     7.62G   0.02654   0.01813         0   0.04467        45       640    0.8236    0.8269    0.8227    0.4732   0.03272   0.01112         0
   197/199     7.62G   0.02651   0.01762         0   0.04414        27       640     0.829    0.8302    0.8293    0.4732   0.03285   0.01127         0
   198/199     7.62G   0.02648   0.01743         0   0.04391        30       640    0.8294    0.8408    0.8306     0.475   0.03296   0.01152         0
   199/199     7.62G    0.0268   0.01773         0   0.04453        36       640    0.8505    0.8176    0.8312    0.4752   0.03272    0.0114         0
