     0/199      7.6G   0.09176   0.02831         0    0.1201        20       640  0.002809  0.008354 0.0004497 6.642e-05   0.08115    0.0157         0
     1/199     8.76G   0.08626   0.02627         0    0.1125        27       640  0.009149  0.003342 0.0003324 5.076e-05   0.08148   0.01482         0
     2/199     8.76G   0.08351   0.02685         0    0.1104        28       640  0.009277    0.0259  0.001211 0.0001589   0.07939   0.01449         0
     3/199     8.76G   0.07466   0.02926         0    0.1039        34       640    0.1313   0.08271   0.02964  0.003923   0.06951   0.01726         0
     4/199     8.76G    0.0697   0.03162         0    0.1013        30       640   0.04964    0.1328   0.01749  0.002223   0.07264   0.01565         0
     5/199     8.76G   0.06501   0.03131         0   0.09632        35       640  0.007338    0.2306   0.00265 0.0003395   0.08122   0.01933         0
     6/199     8.76G   0.06231   0.03098         0    0.0933        32       640   0.05992    0.1963   0.02924  0.004537   0.06219   0.01709         0
     7/199     8.76G   0.06132   0.03015         0   0.09147        31       640    0.0542    0.2406   0.02936  0.004649   0.06603   0.02716         0
     8/199     8.76G   0.06031   0.03057         0   0.09088        39       640   0.06674    0.1287   0.03187  0.004868   0.06747   0.01659         0
     9/199     8.76G      0.06   0.02938         0   0.08939        39       640   0.02345    0.5096   0.01726  0.002495   0.06298    0.7752         0
    10/199     8.76G   0.05723   0.02843         0   0.08566        32       640    0.1219    0.2932   0.08477   0.01531   0.05834   0.01584         0
    11/199     8.76G   0.05658   0.02741         0   0.08399        32       640    0.3904    0.3041    0.2632   0.07454   0.05798   0.01468         0
    12/199     8.76G   0.05495   0.02688         0   0.08183        28       640      0.58     0.323    0.3246    0.1054   0.06029   0.01515         0
    13/199     8.76G   0.05401    0.0267         0   0.08071        41       640    0.1158    0.2707   0.07838   0.01924    0.0569   0.01471         0
    14/199     8.76G   0.05267   0.02709         0   0.07976        39       640    0.4521    0.4406    0.4198    0.1405   0.04952   0.01406         0
    15/199     8.76G   0.05103   0.02611         0   0.07714        39       640    0.3479    0.4612    0.3304    0.1092   0.04781   0.01399         0
    16/199     8.76G   0.05044   0.02516         0   0.07561        44       640    0.4877    0.4904    0.4614    0.1657   0.04974   0.01412         0
    17/199     8.76G   0.04885   0.02483         0   0.07368        43       640    0.6103    0.5497    0.5578    0.1952   0.04482   0.01363         0
    18/199     8.76G   0.04771   0.02477         0   0.07248        36       640    0.6245    0.5113    0.5469    0.2047   0.04751   0.01418         0
    19/199     8.76G   0.04727   0.02475         0   0.07202        43       640    0.5396     0.584    0.5281    0.1881   0.04391   0.01288         0
    20/199     8.76G   0.04797   0.02428         0   0.07225        22       640    0.6307    0.5439    0.5785    0.2171   0.04632   0.01379         0
    21/199     8.76G   0.04707   0.02388         0   0.07095        37       640    0.5478    0.5921    0.5423    0.2087   0.04572   0.01363         0
    22/199     8.76G   0.04571   0.02395         0   0.06966        25       640    0.6026    0.5297    0.5781    0.2232   0.04295   0.01298         0
    23/199     8.76G   0.04559   0.02485         0   0.07044        30       640    0.6216    0.5092    0.5653    0.2123   0.04504   0.01243         0
    24/199     8.76G   0.04442   0.02313         0   0.06755        37       640    0.6676    0.5906     0.633    0.2277   0.04446   0.01282         0
    25/199     8.76G   0.04492   0.02319         0    0.0681        32       640    0.7548    0.5915    0.6731    0.2845   0.04097   0.01262         0
    26/199     8.76G   0.04415   0.02296         0   0.06711        24       640    0.7094    0.5793    0.6279    0.2441   0.04425   0.01363         0
    27/199     8.76G   0.04487   0.02341         0   0.06828        34       640    0.5391    0.5756    0.5207    0.2033    0.0414   0.01323         0
    28/199     8.76G   0.04431   0.02287         0   0.06719        30       640    0.6997    0.6625    0.6812    0.2851    0.0407   0.01299         0
    29/199     8.76G   0.04408   0.02273         0   0.06681        23       640    0.7013    0.6571    0.6994    0.3116    0.0409   0.01289         0
    30/199     8.76G   0.04398   0.02282         0    0.0668        29       640    0.6789    0.6583    0.6793    0.2879   0.04128   0.01287         0
    31/199     8.76G   0.04236   0.02237         0   0.06473        40       640    0.6711    0.6316    0.6416    0.2812   0.03962   0.01224         0
    32/199     8.76G   0.04217   0.02248         0   0.06465        32       640    0.7299    0.5806    0.6483    0.2948     0.044   0.01462         0
    33/199     8.76G   0.04282   0.02271         0   0.06553        39       640    0.6643    0.6717    0.6715    0.2934   0.04053   0.01224         0
    34/199     8.76G   0.04224   0.02299         0   0.06524        37       640     0.646    0.6867    0.6584    0.2782    0.0398   0.01242         0
    35/199     8.76G   0.04224   0.02234         0   0.06458        24       640    0.6941    0.6692    0.7037    0.3176   0.03938   0.01243         0
    36/199     8.76G   0.04263   0.02292         0   0.06554        45       640    0.7306    0.6344    0.6986    0.3216   0.03902   0.01251         0
    37/199     8.76G   0.04177   0.02231         0   0.06409        29       640    0.7786    0.6581    0.7398    0.3424   0.03875   0.01217         0
    38/199     8.76G   0.04134   0.02235         0    0.0637        26       640    0.7295    0.6646    0.7198    0.3212   0.03925   0.01211         0
    39/199     8.76G   0.04146   0.02228         0   0.06374        46       640    0.6947    0.6805    0.7093    0.3103   0.03976   0.01249         0
    40/199     8.76G   0.04078   0.02223         0   0.06302        35       640    0.6403    0.7343     0.705    0.3204   0.03886   0.01176         0
    41/199     8.76G   0.04099   0.02231         0   0.06331        33       640    0.6824    0.6926    0.7158    0.3337    0.0386   0.01154         0
    42/199     8.76G    0.0405   0.02238         0   0.06288        36       640    0.7628    0.6959    0.7156    0.3292   0.03869   0.01249         0
    43/199     8.76G   0.04092    0.0223         0   0.06322        43       640    0.7528    0.6441    0.7145     0.325    0.0417   0.01238         0
    44/199     8.76G   0.04108   0.02255         0   0.06363        25       640    0.7457    0.6683    0.7184    0.3237   0.04019   0.01289         0
